(63,2488592, 10,9517390),
(63,2492005, 10,9525178),
(63,2492208, 10,9525464),
(63,2496583, 10,9530209),
(63,2501438, 10,9534426),
(63,2517456, 10,9548065),
(63,2538524, 10,9566094),
(63,2542540, 10,9570919),
(63,2548246, 10,9582085),
(63,2550247, 10,9588307),
(63,2551700, 10,9593633),
(63,2607323, 10,9674587),
(63,2612921, 10,9679421),
(63,2627120, 10,9698860),
(63,2634244, 10,9721079),
(63,2636435, 10,9733195),
(63,2639654, 10,9754609),
(63,2641643, 10,9768443),
(63,2643450, 10,9780470),
(63,2650029, 10,9824589),
(63,2650419, 10,9827398),
(63,2652740, 10,9843250),
(63,2655697, 10,9868183),
(63,2658263, 10,9913258),
(63,2659666, 10,9939477),
(63,2660768, 10,9959407),
(63,2662087, 10,9983499),
(63,2662290, 10,9987540),
(63,2663085, 11,0002776),
(63,2686219, 11,0085912),
(63,2690388, 11,0095721),
(63,2691016, 11,0097304),
(63,2691456, 11,0098534),
(63,2693969, 11,0106491),
(63,2694341, 11,0107811),
(63,2698346, 11,0121870),
(63,2706414, 11,0146021),
(63,2716762, 11,0175773),
(63,2721076, 11,0187703),
(63,2736392, 11,0232339),
(63,2735182, 11,0258294),
(63,2732678, 11,0273455),
(63,2747596, 11,0330633),
(63,2749162, 11,0342478),
(63,2749361, 11,0343973),
(63,2750784, 11,0355043),
(63,2754512, 11,0380118),
(63,2759461, 11,0411951),
(63,2762752, 11,0431060),
(63,2771468, 11,0477761),
(63,2772422, 11,0488255),
(63,2776756, 11,0520694),
(63,2782434, 11,0544296),
(63,2790415, 11,0572746),
(63,2791846, 11,0575910),
(63,2794466, 11,0581129),
(63,2796426, 11,0584285),
(63,2832677, 11,0626146),
(63,2837002, 11,0649119),
(63,2844336, 11,0696715),
(63,2845200, 11,0700425),
(63,2854524, 11,0728827),
(63,2864313, 11,0718728),
(63,2867702, 11,0716621),
(63,2873383, 11,0712974),
(63,2880380, 11,0709648),
(63,2898210, 11,0723532),
(63,2918683, 11,0743922),
(63,2935719, 11,0761034),
(63,2959927, 11,0766170),
(63,2990441, 11,0765406),
(63,3071566, 11,0791889),
(63,3149032, 11,0829441),
(63,3242913, 11,0862154),
(63,3251652, 11,0865796),
(63,3342097, 11,0927130),
(63,3379603, 11,0888671),
(63,3396251, 11,0800858),
(63,3414670, 11,0781160),
(63,3417711, 11,0778489),
(63,3442070, 11,0767440),
(63,3472620, 11,0780680),
(63,3491689, 11,0784142),
(63,3505122, 11,0776048),
(63,3506302, 11,0775332),
(63,3515841, 11,0769549),
(63,3528700, 11,0757300),
(63,3647780, 11,0740180),
(63,3653320, 11,0738430),
(63,3689990, 11,0722680),
(63,3708719, 11,0714199),
(63,3719431, 11,0699052),
(63,3748359, 11,0672975),
(63,3752120, 11,0672956),
(63,3782017, 11,0672531),
(63,3789824, 11,0667223),
(63,3790401, 11,0666872),
(63,3791384, 11,0666224),
(63,3801968, 11,0660536),
(63,3834910, 11,0678383),
(63,3840942, 11,0686620),
(63,3873536, 11,0641492),
(63,3880788, 11,0643316),
(63,3886311, 11,0644759),
(63,3890075, 11,0644932),
(63,3922137, 11,0644846),
(63,3924453, 11,0644323),
(63,3936681, 11,0639632),
(63,3940121, 11,0596754),
(63,3940478, 11,0577305),
(63,3940892, 11,0556476),
(63,3941482, 11,0527315),
(63,3943462, 11,0437646),
(63,3951137, 11,0266549),
(63,3950008, 11,0235980),
(63,3945074, 11,0146853),
(63,3943216, 11,0116525),
(63,3942638, 11,0108594),
(63,3936338, 11,0058216),
(63,3921207, 10,9986447),
(63,3919936, 10,9966713),
(63,3922174, 10,9936484),
(63,3925481, 10,9919344),
(63,3923492, 10,9848314),
(63,3922042, 10,9831948),
(63,3921124, 10,9798364),
(63,3928627, 10,9733605),
(63,3929412, 10,9706096),
(63,3935998, 10,9670406),
(63,3972630, 10,9666946),
(63,3977995, 10,9673772),
(63,4011374, 10,9705025),
(63,4075882, 10,9710956),
(63,4084780, 10,9709724),
(63,4102528, 10,9701073),
(63,4103342, 10,9700501),
(63,4112036, 10,9710833),
(63,4119732, 10,9726924),
(63,4125021, 10,9687936),
(63,4127124, 10,9682203),
(63,4141715, 10,9643863),
(63,4146422, 10,9609809),
(63,4166968, 10,9597033),
(63,4192748, 10,9610945),
(63,4196005, 10,9605102),
(63,4196974, 10,9603427),
(63,4208789, 10,9599994),
(63,4225030, 10,9576163),
(63,4225830, 10,9574616),
(63,4228621, 10,9570858),
(63,4234982, 10,9567581),
(63,4258269, 10,9583159),
(63,4266044, 10,9583549),
(63,4270178, 10,9579922),
(63,4287855, 10,9554686),
(63,4317370, 10,9777203),
(63,4325514, 10,9799113),
(63,4330953, 10,9812384),
(63,4344747, 10,9835667),
(63,4345184, 10,9836137),
(63,4345622, 10,9836315),
(63,4346262, 10,9836552),
(63,4361860, 10,9855456),
(63,4377358, 10,9890584),
(63,4381510, 10,9894637),
(63,4382687, 10,9895833),
(63,4384409, 10,9896315),
(63,4389002, 10,9876802),
(63,4390021, 10,9874068),
(63,4407583, 10,9820639),
(63,4420970, 10,9782718),
(63,4421197, 10,9782036),
(63,4423420, 10,9775514),
(63,4436843, 10,9731728),
(63,4447695, 10,9705875),
(63,4451121, 10,9692830),
(63,4456729, 10,9828597),
(63,4465713, 10,9861874),
(63,4479396, 10,9934853),
(63,4481303, 10,9931333),
(63,4486369, 10,9921571),
(63,4488135, 10,9918160),
(63,4489317, 10,9915697),
(63,4494105, 10,9889170),
(63,4497250, 10,9868717),
(63,4520324, 10,9879318),
(63,4537855, 10,9891132),
(63,4547440, 10,9890758),
(63,4587398, 10,9901150),
(63,4607497, 10,9903634),
(63,4608256, 10,9903769),
(63,4605634, 10,9930159),
(63,4603940, 10,9962421),
(63,4600499, 11,0099544),
(63,4601164, 11,0105821),
(63,4623493, 11,0168651),
(63,4628362, 11,0221279),
(63,4630110, 11,0272423),
(63,4631626, 11,0316003),
(63,4632142, 11,0331392),
(63,4632412, 11,0338342),
(63,4633867, 11,0381551),
(63,4634799, 11,0398882),
(63,4644407, 11,0427284),
(63,4648254, 11,0438213),
(63,4658261, 11,0478037),
(63,4662632, 11,0503393),
(63,4667102, 11,0549118),
(63,4667215, 11,0556362),
(63,4666062, 11,0574364),
(63,4656142, 11,0628652),
(63,4655725, 11,0637911),
(63,4655942, 11,0679624),
(63,4654546, 11,0710665),
(63,4651173, 11,0746720),
(63,4649618, 11,0761900),
(63,4648180, 11,0790716),
(63,4648237, 11,0793128),
(63,4651130, 11,0826281),
(63,4664621, 11,0903973),
(63,4662223, 11,0945761),
(63,4662027, 11,0947360),
(63,4661079, 11,0955629),
(63,4660364, 11,0961431),
(63,4657547, 11,0985206),
(63,4648502, 11,1061934),
(63,4642185, 11,1114942),
(63,4640628, 11,1128929),
(63,4640377, 11,1131228),
(63,4639646, 11,1139025),
(63,4639490, 11,1141700),
(63,4639440, 11,1142953),
(63,4640018, 11,1161996),
(63,4640638, 11,1166977),
(63,4641644, 11,1173606),
(63,4645880, 11,1200721),
(63,4647614, 11,1212121),
(63,4650423, 11,1232490),
(63,4653219, 11,1258395),
(63,4654487, 11,1272816),
(63,4658511, 11,1326004),
(63,4660014, 11,1370904),
(63,4660371, 11,1387099),
(63,4660575, 11,1391750),
(63,4661116, 11,1401963),
(63,4662379, 11,1424234),
(63,4663528, 11,1448218),
(63,4660239, 11,1541333),
(63,4656519, 11,1585311),
(63,4655237, 11,1594714),
(63,4654992, 11,1596419),
(63,4646148, 11,1657272),
(63,4645542, 11,1661494),
(63,4643473, 11,1675747),
(63,4639875, 11,1699411),
(63,4625610, 11,1781726),
(63,4616244, 11,1835539),
(63,4613884, 11,1849126),
(63,4609096, 11,1876625),
(63,4601029, 11,1923019),
(63,4592916, 11,1966049),
(63,4582926, 11,1987037),
(63,4579636, 11,1989844),
(63,4507274, 11,2018108),
(63,4495741, 11,2024341),
(63,4476548, 11,2094155),
(63,4443493, 11,2166889),
(63,4436437, 11,2228786),
(63,4435930, 11,2267689),
(63,4435897, 11,2270433),
(63,4435353, 11,2308030),
(63,4434260, 11,2388757),
(63,4433975, 11,2407974),
(63,4434532, 11,2456640),
(63,4435544, 11,2468327),
(63,4435944, 11,2472572),
(63,4439254, 11,2499417),
(63,4444224, 11,2538524),
(63,4451203, 11,2588426),
(63,4452799, 11,2596425),
(63,4518425, 11,2702538),
(63,4523320, 11,2708755),
(63,4588390, 11,2814632),
(63,4592249, 11,2822469),
(63,4598751, 11,2861609),
(63,4599629, 11,2898255),
(63,4595058, 11,2927687),
(63,4592652, 11,2938412),
(63,4588749, 11,2955631),
(63,4586851, 11,2963906),
(63,4585518, 11,2969805),
(63,4599478, 11,3246826),
(63,4600937, 11,3412397),
(63,4600959, 11,3413597),
(63,4600988, 11,3417540),
(63,4601232, 11,3437291),
(63,4615646, 11,3511163),
(63,4621739, 11,3552846),
(63,4621276, 11,3561777),
(63,4614104, 11,3600257),
(63,4612955, 11,3653714),
(63,4612909, 11,3688218),
(63,4612549, 11,3695881),
(63,4609211, 11,3768388),
(63,4608479, 11,3778125),
(63,4605752, 11,3808889),
(63,4612295, 11,3875607),
(63,4612023, 11,3883994),
(63,4604565, 11,3991527),
(63,4597376, 11,4016075),
(63,4569315, 11,4138929),
(63,4577152, 11,4167227),
(63,4584471, 11,4260880),
(63,4576217, 11,4352682),
(63,4580692, 11,4401842),
(63,4580163, 11,4424609),
(63,4579693, 11,4446431),
(63,4579718, 11,4469183),
(63,4579982, 11,4476753),
(63,4597244, 11,4525981),
(63,4656531, 11,4639439),
(63,4656452, 11,4640840),
(63,4673014, 11,4858443),
(63,4676219, 11,4887058),
(63,4676214, 11,4887776),
(63,4675931, 11,4893013),
(63,4675360, 11,4897536),
(63,4653556, 11,4951440),
(63,4651819, 11,4957885),
(63,4650561, 11,4961988),
(63,4650086, 11,4963408),
(63,4620397, 11,5275240),
(63,4602363, 11,5433709),
(63,4595803, 11,5453453),
(63,4571105, 11,5694511),
(63,4566025, 11,5707886),
(63,4546856, 11,5779080),
(63,4546258, 11,5783872),
(63,4466169, 11,6014687),
(63,4458936, 11,6041442),
(63,4449418, 11,6073457),
(63,4446896, 11,6081356),
(63,4445855, 11,6135440),
(63,4447786, 11,6143282),
(63,4455317, 11,6166882),
(63,4455818, 11,6169464),
(63,4456017, 11,6202070),
(63,4448025, 11,6241421),
(63,4439736, 11,6261459),
(63,4434771, 11,6273263),
(63,4429130, 11,6308203),
(63,4429843, 11,6324544),
(63,4432568, 11,6394022),
(63,4432548, 11,6395519),
(63,4432371, 11,6408838),
(63,4432490, 11,6447302),
(63,4432497, 11,6448098),
(63,4432826, 11,6479128),
(63,4429661, 11,6570341),
(63,4431050, 11,6598383),
(63,4431354, 11,6601248),
(63,4433472, 11,6621291),
(63,4434053, 11,6626794),
(63,4435068, 11,6636673),
(63,4437352, 11,6681467),
(63,4438211, 11,6715791),
(63,4438624, 11,6731157),
(63,4439157, 11,6747051),
(63,4439404, 11,6751046),
(63,4432406, 11,6816585),
(63,4428205, 11,6823431),
(63,4423018, 11,6832130),
(63,4415266, 11,6849092),
(63,4408040, 11,6869785),
(63,4407455, 11,6871506),
(63,4407007, 11,6872820),
(63,4405901, 11,6875910),
(63,4403624, 11,6883561),
(63,4402839, 11,6886669),
(63,4395634, 11,6939491),
(63,4392335, 11,6974838),
(63,4390841, 11,6991135),
(63,4390077, 11,6998186),
(63,4381621, 11,7026957),
(63,4380282, 11,7029031),
(63,4374632, 11,7036968),
(63,4369233, 11,7044302),
(63,4360823, 11,7055866),
(63,4354547, 11,7064514),
(63,4334687, 11,7095488),
(63,4332606, 11,7102148),
(63,4332091, 11,7104420),
(63,4328409, 11,7122301),
(63,4327008, 11,7129253),
(63,4317199, 11,7177247),
(63,4311860, 11,7199811),
(63,4303477, 11,7234485),
(63,4303281, 11,7235283),
(63,4296198, 11,7263922),
(63,4292040, 11,7277490),
(63,4288403, 11,7285575),
(63,4287053, 11,7288096),
(63,4281300, 11,7297613),
(63,4263185, 11,7327403),
(63,4261171, 11,7330709),
(63,4257408, 11,7336949),
(63,4244342, 11,7343618),
(63,4236853, 11,7343178),
(63,4218572, 11,7347233),
(63,4199333, 11,7367216),
(63,4192294, 11,7376739),
(63,4191410, 11,7377948),
(63,4186836, 11,7384475),
(63,4185188, 11,7387268),
(63,4178509, 11,7398416),
(63,4174723, 11,7401875),
(63,4173184, 11,7402896),
(63,4145501, 11,7412013),
(63,4143018, 11,7418076),
(63,4140535, 11,7428610),
(63,4140003, 11,7430811),
(63,4135238, 11,7448347),
(63,4126372, 11,7465286),
(63,4104947, 11,7479560),
(63,4104196, 11,7479838),
(63,4091215, 11,7484903),
(63,4054435, 11,7581294),
(63,4053037, 11,7632966),
(63,4036199, 11,7705787),
(63,4031896, 11,7725217),
(63,4019274, 11,7755089),
(63,4014986, 11,7767691),
(63,4006665, 11,7798510),
(63,3992721, 11,7831928),
(63,3980597, 11,7872488),
(63,3979822, 11,7879306),
(63,3978704, 11,7927970),
(63,3975637, 11,7957452),
(63,3973781, 11,7975613),
(63,3973644, 11,7977267),
(63,3972432, 11,8002586),
(63,3971961, 11,8011141),
(63,3965135, 11,8041895),
(63,3961201, 11,8051845),
(63,3953823, 11,8077343),
(63,3952122, 11,8087164),
(63,3811509, 11,8656477),
(63,3791263, 11,8913338),
(63,3762763, 11,9093757),
(63,3703441, 11,9366716),
(63,3651596, 11,9602704),
(63,3645233, 11,9623073),
(63,3617120, 11,9713075),
(63,3578271, 11,9838025),
(63,3557308, 11,9905868),
(63,3478545, 12,0095982),
(63,3478427, 12,0097505),
(63,3475484, 12,0118067),
(63,3420466, 12,0286938),
(63,3420054, 12,0289531),
(63,3419586, 12,0292628),
(63,3417921, 12,0302834),
(63,3417071, 12,0308346),
(63,3415996, 12,0316394),
(63,3415570, 12,0320442),
(63,3415179, 12,0325209),
(63,3414865, 12,0331037),
(63,3414689, 12,0335835),
(63,3414408, 12,0345696),
(63,3414257, 12,0349304),
(63,3414018, 12,0352510),
(63,3413652, 12,0355860),
(63,3413337, 12,0357961),
(63,3413140, 12,0359027),
(63,3412400, 12,0362814),
(63,3411535, 12,0366857),
(63,3410937, 12,0369296),
(63,3406952, 12,0384876),
(63,3397209, 12,0423233),
(63,3395560, 12,0429974),
(63,3393737, 12,0437251),
(63,3392130, 12,0443995),
(63,3391691, 12,0446018),
(63,3390786, 12,0450686),
(63,3390409, 12,0452930),
(63,3389874, 12,0456625),
(63,3389294, 12,0461816),
(63,3388998, 12,0465089),
(63,3388698, 12,0469389),
(63,3387154, 12,0495121),
(63,3386977, 12,0497580),
(63,3386791, 12,0499680),
(63,3386567, 12,0501792),
(63,3386161, 12,0505118),
(63,3385713, 12,0508018),
(63,3385362, 12,0510011),
(63,3384950, 12,0512092),
(63,3384175, 12,0515466),
(63,3383790, 12,0516991),
(63,3383085, 12,0519520),
(63,3379726, 12,0530156),
(63,3378975, 12,0532732),
(63,3378428, 12,0534767),
(63,3377732, 12,0537683),
(63,3376818, 12,0542198),
(63,3374248, 12,0556089),
(63,3373101, 12,0562087),
(63,3372257, 12,0565975),
(63,3371442, 12,0569161),
(63,3370791, 12,0571384),
(63,3369637, 12,0574765),
(63,3366207, 12,0584028),
(63,3364347, 12,0588789),
(63,3363317, 12,0591717),
(63,3362577, 12,0593701),
(63,3361697, 12,0596087),
(63,3360312, 12,0599789),
(63,3358579, 12,0603919),
(63,3356942, 12,0607245),
(63,3355401, 12,0610088),
(63,3353788, 12,0612556),
(63,3351790, 12,0614809),
(63,3349262, 12,0616847),
(63,3346398, 12,0618403),
(63,3343533, 12,0619315),
(63,3341173, 12,0619208),
(63,3339151, 12,0618671),
(63,3336695, 12,0617652),
(63,3334721, 12,0616364),
(63,3332362, 12,0614058),
(63,3301339, 12,0579189),
(63,3299437, 12,0577258),
(63,3297017, 12,0575219),
(63,3294729, 12,0573878),
(63,3292683, 12,0573020),
(63,3290299, 12,0572671),
(63,3287746, 12,0572779),
(63,3285062, 12,0573530),
(63,3282112, 12,0574924),
(63,3279800, 12,0576614),
(63,3277549, 12,0578626),
(63,3274972, 12,0581844),
(63,3272829, 12,0585036),
(63,3270987, 12,0588469),
(63,3269133, 12,0592600),
(63,3267664, 12,0596328),
(63,3266508, 12,0599949),
(63,3265316, 12,0604616),
(63,3262980, 12,0614272),
(63,3261210, 12,0621514),
(63,3259717, 12,0627603),
(63,3258224, 12,0633021),
(63,3256839, 12,0637500),
(63,3255358, 12,0641845),
(63,3253636, 12,0646378),
(63,3251469, 12,0651260),
(63,3249217, 12,0655766),
(63,3247507, 12,0658770),
(63,3245532, 12,0662016),
(63,3243726, 12,0664537),
(63,3241932, 12,0666924),
(63,3239969, 12,0669150),
(63,3237970, 12,0671189),
(63,3230589, 12,0678619),
(63,3223339, 12,0685565),
(63,3216583, 12,0692486),
(63,3214416, 12,0695302),
(63,3212778, 12,0697743),
(63,3211381, 12,0700210),
(63,3209888, 12,0703322),
(63,3208491, 12,0706889),
(63,3207166, 12,0710725),
(63,3205986, 12,0714694),
(63,3205022, 12,0718825),
(63,3203661, 12,0725423),
(63,3202577, 12,0730975),
(63,3201349, 12,0737466),
(63,3199627, 12,0746183),
(63,3197001, 12,0759836),
(63,3194231, 12,0774132),
(63,3192943, 12,0780838),
(63,3191184, 12,0790011),
(63,3189775, 12,0797333),
(63,3188438, 12,0804521),
(63,3187114, 12,0811710),
(63,3185704, 12,0819703),
(63,3178791, 12,0864147),
(63,3177989, 12,0869541),
(63,3175419, 12,0886356),
(63,3174994, 12,0888944),
(63,3172070, 12,0908618),
(63,3169902, 12,0920876),
(63,3139524, 12,1001476),
(63,3129260, 12,1025989),
(63,3090879, 12,1078321),
(63,2998903, 12,1115148),
(63,2992106, 12,1116395),
(63,2949668, 12,1171367),
(63,2912901, 12,1208704),
(63,2894661, 12,1223375),
(63,2887246, 12,1229276),
(63,2881592, 12,1233729),
(63,2854523, 12,1255749),
(63,2849146, 12,1259987),
(63,2830564, 12,1282491),
(63,2819349, 12,1303707),
(63,2805722, 12,1333346),
(63,2779563, 12,1390316),
(63,2716115, 12,1507850),
(63,2688995, 12,1551678),
(63,2569072, 12,1832424),
(63,2636545, 12,2155604),
(63,2647683, 12,2210750),
(63,2648129, 12,2224617),
(63,2648540, 12,2236319),
(63,2648986, 12,2250634),
(63,2656274, 12,2447482),
(63,2706296, 12,2673404),
(63,2733233, 12,2733700),
(63,2765560, 12,2909841),
(63,2769781, 12,2946480),
(63,2826440, 12,3133135),
(63,2856670, 12,3206654),
(63,2875660, 12,3252547),
(63,2876685, 12,3255014),
(63,2881990, 12,3267996),
(63,2887117, 12,3283573),
(63,2889718, 12,3321748),
(63,2884039, 12,3349267),
(63,2888766, 12,3359618),
(63,2889476, 12,3362190),
(63,2889940, 12,3369728),
(63,2889056, 12,3396966),
(63,2888912, 12,3402444),
(63,2876335, 12,3443627),
(63,2882866, 12,3458007),
(63,2886037, 12,3463673),
(63,2890984, 12,3473816),
(63,2896897, 12,3503642),
(63,2897320, 12,3515913),
(63,2893986, 12,3570657),
(63,2889471, 12,3596071),
(63,2886029, 12,3615222),
(63,2884660, 12,3622812),
(63,2870512, 12,3827250),
(63,2880832, 12,3935303),
(63,2900038, 12,3994741),
(63,2904438, 12,4007267),
(63,2906699, 12,4013503),
(63,2908411, 12,4017861),
(63,2915493, 12,4033029),
(63,2979342, 12,4122065),
(63,3009448, 12,4205616),
(63,3068084, 12,4375936),
(63,3070650, 12,4403885),
(63,3073277, 12,4433443),
(63,3073710, 12,4438110),
(63,3075602, 12,4458441),
(63,3078217, 12,4487463),
(63,3102059, 12,4747369),
(63,3107740, 12,4784270),
(63,3115028, 12,4813307),
(63,3160313, 12,4986136),
(63,3172920, 12,5057805),
(63,3175256, 12,5091373),
(63,3175393, 12,5093921),
(63,3176389, 12,5115059),
(63,3176411, 12,5115471),
(63,3177535, 12,5136906),
(63,3177885, 12,5140571),
(63,3178195, 12,5145576),
(63,3178569, 12,5152392),
(63,3178939, 12,5159284),
(63,3179679, 12,5170395),
(63,3187824, 12,5239274),
(63,3190817, 12,5253743),
(63,3190958, 12,5254409),
(63,3192790, 12,5263595),
(63,3197233, 12,5287087),
(63,3198872, 12,5298945),
(63,3201845, 12,5325813),
(63,3202519, 12,5331787),
(63,3205300, 12,5349469),
(63,3207420, 12,5358445),
(63,3217487, 12,5393617),
(63,3223543, 12,5414188),
(63,3229328, 12,5433922),
(63,3235024, 12,5450303),
(63,3238180, 12,5459642),
(63,3239051, 12,5462292),
(63,3239416, 12,5463405),
(63,3249661, 12,5508688),
(63,3251144, 12,5517002),
(63,3270651, 12,5566150),
(63,3328089, 12,5584054),
(63,3443911, 12,5791120),
(63,3478922, 12,5878978),
(63,3587971, 12,6063041),
(63,3594387, 12,6089073),
(63,3600087, 12,6113226),
(63,3609830, 12,6154578),
(63,3624087, 12,6216485),
(63,3628916, 12,6236929),
(63,3636685, 12,6273598),
(63,3635792, 12,6320899),
(63,3633933, 12,6330686),
(63,3630636, 12,6346356),
(63,3625060, 12,6369453),
(63,3620385, 12,6421100),
(63,3619337, 12,6632288),
(63,3608086, 12,6803107),
(63,3601014, 12,6833151),
(63,3598668, 12,6855350),
(63,3598924, 12,6880946),
(63,3599503, 12,6889262),
(63,3599881, 12,6893770),
(63,3610734, 12,6941803),
(63,3620572, 12,6961480),
(63,3627891, 12,6974187),
(63,3641952, 12,6995350),
(63,3695813, 12,7041456),
(63,3705572, 12,7049864),
(63,3706119, 12,7050335),
(63,3727516, 12,7070017),
(63,3749452, 12,7124738),
(63,3893434, 12,7735912),
(63,3902479, 12,7745653),
(63,3962956, 12,7922935),
(63,3963333, 12,7927102),
(63,3985594, 12,8173369),
(63,3999138, 12,8274346),
(63,4001061, 12,8288851),
(63,4001533, 12,8293973),
(63,4003070, 12,8312159),
(63,4003329, 12,8336500),
(63,4002800, 12,8359088),
(63,3989066, 12,8449756),
(63,3985319, 12,8467193),
(63,3960612, 12,8584393),
(63,3947570, 12,8649281),
(63,3947483, 12,8649838),
(63,3944198, 12,8676447),
(63,3944089, 12,8677557),
(63,3942551, 12,8692571),
(63,3940023, 12,8733701),
(63,3942341, 12,8815052),
(63,3944826, 12,8857913),
(63,3950331, 12,8947633),
(63,3954575, 12,9016704),
(63,3957797, 12,9080142),
(63,3957947, 12,9085892),
(63,3958113, 12,9095305),
(63,3957435, 12,9159293),
(63,3956868, 12,9177796),
(63,3956775, 12,9181664),
(63,3955658, 12,9217270),
(63,3953874, 12,9276332),
(63,3953168, 12,9296763),
(63,3953056, 12,9300389),
(63,3950841, 12,9371095),
(63,3962258, 12,9593316),
(63,3975951, 12,9672199),
(63,3987829, 12,9722893),
(63,4019319, 12,9881009),
(63,4019619, 12,9883611),
(63,4030067, 13,0099948),
(63,4030105, 13,0100714),
(63,4036035, 13,0168823),
(63,4037173, 13,0181029),
(63,4040416, 13,0215808),
(63,4041433, 13,0226719),
(63,4041910, 13,0231673),
(63,4045375, 13,0271604),
(63,4053634, 13,0361599),
(63,4056466, 13,0405253),
(63,4056801, 13,0474125),
(63,4055981, 13,0499609),
(63,4054466, 13,0528729),
(63,4053333, 13,0561084),
(63,4050864, 13,0588513),
(63,4047737, 13,0604084),
(63,4030606, 13,0721926),
(63,4025725, 13,0741653),
(63,4020143, 13,0761957),
(63,4018728, 13,0766648),
(63,4017180, 13,0771610),
(63,4010303, 13,0792431),
(63,4009366, 13,0795151),
(63,4007836, 13,0799435),
(63,4003886, 13,0810512),
(63,3999349, 13,0822908),
(63,3998706, 13,0824666),
(63,3998100, 13,0826447),
(63,3997390, 13,0828537),
(63,3995018, 13,0835201),
(63,3993787, 13,0838693),
(63,3968096, 13,0894109),
(63,3965764, 13,0897937),
(63,3932038, 13,0937284),
(63,3897087, 13,0990777),
(63,3888167, 13,1016930),
(63,3885315, 13,1027189),
(63,3878025, 13,1058681),
(63,3856289, 13,1236540),
(63,3852459, 13,1264493),
(63,3850289, 13,1280322),
(63,3850179, 13,1281009),
(63,3847114, 13,1299559),
(63,3841282, 13,1328177),
(63,3829284, 13,1374001),
(63,3828007, 13,1379604),
(63,3827377, 13,1381996),
(63,3824558, 13,1392710),
(63,3806676, 13,1460647),
(63,3801849, 13,1478984),
(63,3794367, 13,1507410),
(63,3791792, 13,1516133),
(63,3785662, 13,1535726),
(63,3771111, 13,1567536),
(63,3758226, 13,1584853),
(63,3741810, 13,1603677),
(63,3721845, 13,1625882),
(63,3697302, 13,1651942),
(63,3689874, 13,1660610),
(63,3668386, 13,1686570),
(63,3666085, 13,1689955),
(63,3656592, 13,1703413),
(63,3563548, 13,1835581),
(63,3517539, 13,1874921),
(63,3493436, 13,1891742),
(63,3421007, 13,2010146),
(63,3416524, 13,2025503),
(63,3372407, 13,2108862),
(63,3350381, 13,2141023),
(63,3314214, 13,2199168),
(63,3251757, 13,2326095),
(63,3237482, 13,2356226),
(63,3209204, 13,2419429),
(63,3190067, 13,2491815),
(63,3176618, 13,2557364),
(63,3160706, 13,2641315),
(63,3155223, 13,2681477),
(63,3154172, 13,2697039),
(63,3153456, 13,2706922),
(63,3153018, 13,2716190),
(63,3152499, 13,2725146),
(63,3151868, 13,2735400),
(63,3133951, 13,2978241),
(63,3129542, 13,3195548),
(63,3128936, 13,3234147),
(63,3128641, 13,3262936),
(63,3128876, 13,3277971),
(63,3132172, 13,3351611),
(63,3144620, 13,3413355),
(63,3161453, 13,3463948),
(63,3207193, 13,3594941),
(63,3228676, 13,3671661),
(63,3231125, 13,3679188),
(63,3253656, 13,3776251),
(63,3254571, 13,3781750),
(63,3264044, 13,3836949),
(63,3295733, 13,4017214),
(63,3315975, 13,4090596),
(63,3336801, 13,4155370),
(63,3352421, 13,4233048),
(63,3362822, 13,4277615),
(63,3385759, 13,4376951),
(63,3392511, 13,4410015),
(63,3408036, 13,4452618),
(63,3414851, 13,4470281),
(63,3418726, 13,4480176),
(63,3421171, 13,4486319),
(63,3437781, 13,4527682),
(63,3446764, 13,4551030),
(63,3455068, 13,4582146),
(63,3456331, 13,4617541),
(63,3454994, 13,4630006),
(63,3438481, 13,4693344),
(63,3430432, 13,4719508),
(63,3424359, 13,4738711),
(63,3418359, 13,4764581),
(63,3417925, 13,4767590),
(63,3414902, 13,4795486),
(63,3413365, 13,4831871),
(63,3413274, 13,4834003),
(63,3407290, 13,4886732),
(63,3395843, 13,4931782),
(63,3364366, 13,5067128),
(63,3352475, 13,5163484),
(63,3345664, 13,5179678),
(63,3343759, 13,5183668),
(63,3339601, 13,5192078),
(63,3321129, 13,5229876),
(63,3318478, 13,5235406),
(63,3309641, 13,5254137),
(63,3291323, 13,5298186),
(63,3284086, 13,5317891),
(63,3275699, 13,5337811),
(63,3265290, 13,5361421),
(63,3264691, 13,5362601),
(63,3253506, 13,5383071),
(63,3239705, 13,5409147),
(63,3234831, 13,5420647),
(63,3219300, 13,5482972),
(63,3206902, 13,5545736),
(63,3204131, 13,5559485),
(63,3187961, 13,5668719),
(63,3180045, 13,5731491),
(63,3172344, 13,5783121),
(63,3166459, 13,5822203),
(63,3159268, 13,5868881),
(63,3150503, 13,5920320),
(63,3141735, 13,5955198),
(63,3134861, 13,5978713),
(63,3130929, 13,5991643),
(63,3109405, 13,6068199),
(63,3104624, 13,6094242),
(63,3102532, 13,6107411),
(63,3097391, 13,6138725),
(63,3088849, 13,6297322),
(63,3089912, 13,6314008),
(63,3091854, 13,6343089),
(63,3093005, 13,6361739),
(63,3094194, 13,6380693),
(63,3097897, 13,6424004),
(63,3103327, 13,6459779),
(63,3106671, 13,6480481),
(63,3106959, 13,6482393),
(63,3111747, 13,6534543),
(63,3106797, 13,6648189),
(63,3106762, 13,6657719),
(63,3106242, 13,6691758),
(63,3105514, 13,6740245),
(63,3105616, 13,6765504),
(63,3107004, 13,6812372),
(63,3108182, 13,6846601),
(63,3109842, 13,6885649),
(63,3112537, 13,6949311),
(63,3124911, 13,7070595),
(63,3135487, 13,7191377),
(63,3125387, 13,7342788),
(63,3121708, 13,7447444),
(63,3121592, 13,7450361),
(63,3120917, 13,7467091),
(63,3119083, 13,7510307),
(63,3114635, 13,7768059),
(63,3092414, 13,8041250),
(63,3068910, 13,8253726),
(63,3068322, 13,8260257),
(63,3067122, 13,8274749),
(63,3064164, 13,8310033),
(63,3061262, 13,8342780),
(63,3060632, 13,8350224),
(63,3058674, 13,8391319),
(63,3058375, 13,8400966),
(63,3044309, 13,8843058),
(63,3040564, 13,8891517),
(63,3039144, 13,8931325),
(63,3038948, 13,8945367),
(63,3038595, 13,8969282),
(63,3038726, 13,8988332),
(63,3039902, 13,9009428),
(63,3042064, 13,9033578),
(63,3086638, 13,9192299),
(63,3242278, 13,9497630),
(63,3329721, 13,9753311),
(63,3333407, 13,9757518),
(63,3349602, 13,9782973),
(63,3356312, 13,9796390),
(63,3359442, 13,9804059),
(63,3370621, 13,9842032),
(63,3376431, 13,9888784),
(63,3376767, 13,9919664),
(63,3375988, 13,9934687),
(63,3369298, 14,0046188),
(63,3356356, 14,0136707),
(63,3349957, 14,0172889),
(63,3344603, 14,0201993),
(63,3343045, 14,0210219),
(63,3272176, 14,0430784),
(63,3250281, 14,0496364),
(63,3241147, 14,0528208),
(63,3234679, 14,0552121),
(63,3223051, 14,0599003),
(63,3212453, 14,0640567),
(63,3209607, 14,0657366),
(63,3208671, 14,0661996),
(63,3204521, 14,0682751),
(63,3198869, 14,0716189),
(63,3194910, 14,0744505),
(63,3189441, 14,0788097),
(63,3188201, 14,0797522),
(63,3170507, 14,0893639),
(63,3169552, 14,0897858),
(63,3162568, 14,0921886),
(63,3149655, 14,0977389),
(63,3136386, 14,1132112),
(63,3150143, 14,1577224),
(63,3157951, 14,1617756),
(63,3159411, 14,1624820),
(63,3163802, 14,1646549),
(63,3165752, 14,1656184),
(63,3166216, 14,1658463),
(63,3167218, 14,1663088),
(63,3170826, 14,1681246),
(63,3171416, 14,1684300),
(63,3177442, 14,1713964),
(63,3177811, 14,1715882),
(63,3180905, 14,1731026),
(63,3184771, 14,1749949),
(63,3187748, 14,1764733),
(63,3194287, 14,1793046),
(63,3194635, 14,1794255),
(63,3226692, 14,1905852),
(63,3225880, 14,2068538),
(63,3225248, 14,2074640),
(63,3212177, 14,2292956),
(63,3235554, 14,2782010),
(63,3238923, 14,2883787),
(63,3238811, 14,2891353),
(63,3240455, 14,2953326),
(63,3242719, 14,2978257),
(63,3248810, 14,3020163),
(63,3249077, 14,3021863),
(63,3256321, 14,3113348),
(63,3260871, 14,3326183),
(63,3263179, 14,3436402),
(63,3266386, 14,3597466),
(63,3265944, 14,3923039),
(63,3268968, 14,3960213),
(63,3270173, 14,3975718),
(63,3290719, 14,4160604),
(63,3291595, 14,4225443),
(63,3290509, 14,4236714),
(63,3283858, 14,4275442),
(63,3280065, 14,4288060),
(63,3278759, 14,4288466),
(63,3277261, 14,4291926),
(63,3276940, 14,4295190),
(63,3272227, 14,4311934),
(63,3238768, 14,4359793),
(63,3236154, 14,4362568),
(63,3225649, 14,4375302),
(63,3198778, 14,4421659),
(63,3194787, 14,4430576),
(63,3189921, 14,4442552),
(63,3177753, 14,4479653),
(63,3168956, 14,4514781),
(63,3159639, 14,4551600),
(63,3157166, 14,4561335),
(63,3156259, 14,4564928),
(63,3153335, 14,4576440),
(63,3152364, 14,4580537),
(63,3151933, 14,4582354),
(63,3150097, 14,4588808),
(63,3140175, 14,4627875),
(63,3138816, 14,4633457),
(63,3137418, 14,4639189),
(63,3128960, 14,4673660),
(63,3127816, 14,4678676),
(63,3108078, 14,4772434),
(63,3106589, 14,4778525),
(63,3096156, 14,4815201),
(63,3064831, 14,4882846),
(63,2988406, 14,4965082),
(63,2931374, 14,5029970),
(63,2926144, 14,5036945),
(63,2900336, 14,5073636),
(63,2897470, 14,5077842),
(63,2875937, 14,5112657),
(63,2863687, 14,5132586),
(63,2847503, 14,5159510),
(63,2790080, 14,5256263),
(63,2686595, 14,5379643),
(63,2676504, 14,5389647),
(63,2650796, 14,5420200),
(63,2614619, 14,5479208),
(63,2613050, 14,5482373),
(63,2571582, 14,5584243),
(63,2555765, 14,5639368),
(63,2553061, 14,5650387),
(63,2483581, 14,5907503),
(63,2478109, 14,5919074),
(63,2469383, 14,5935935),
(63,2378166, 14,6046788),
(63,2305024, 14,6136727),
(63,2298108, 14,6147159),
(63,2283262, 14,6169182),
(63,2272149, 14,6186775),
(63,2195780, 14,6292561),
(63,2168147, 14,6337916),
(63,2164720, 14,6346527),
(63,2150886, 14,6398017),
(63,2147238, 14,6423301),
(63,2145018, 14,6448639),
(63,2134366, 14,6544687),
(63,2046271, 14,6741509),
(63,2008408, 14,6809816),
(63,1966504, 14,6863550),
(63,1822749, 14,6888798),
(63,1799972, 14,6895401),
(63,1799068, 14,6894543),
(63,1794390, 14,6894901),
(63,1793094, 14,6896515),
(63,1790700, 14,6903756),
(63,1790400, 14,6906875),
(63,1790603, 14,6912190),
(63,1792365, 14,6918788),
(63,1794982, 14,6922235),
(63,1796447, 14,6922856),
(63,1801368, 14,6933680),
(63,1808270, 14,6972182),
(63,1821381, 14,7051128),
(63,1830267, 14,7161230),
(63,1831840, 14,7187822),
(63,1845301, 14,7279803),
(63,1870097, 14,7370716),
(63,1870632, 14,7372663),
(63,1876280, 14,7393209),
(63,1876686, 14,7394687),
(63,1879944, 14,7406537),
(63,1895267, 14,7463835),
(63,1897903, 14,7473422),
(63,1907263, 14,7507960),
(63,1920395, 14,7553899),
(63,1940897, 14,7634524),
(63,1959126, 14,7719891),
(63,2019311, 14,8033212),
(63,2032361, 14,8132737),
(63,2032784, 14,8135963),
(63,2047280, 14,8480256),
(63,2046018, 14,8773757),
(63,2030836, 14,9146033),
(63,1994640, 14,9503629),
(63,1956586, 14,9904863),
(63,1956114, 15,0253027),
(63,1950437, 15,0442938),
(63,1955751, 15,0619424),
(63,1963446, 15,0953794),
(63,1939564, 15,1529911),
(63,1933520, 15,1660693),
(63,1926697, 15,1717357),
(63,1921764, 15,1768649),
(63,1918738, 15,1802501),
(63,1916218, 15,1832023),
(63,1915172, 15,1845008),
(63,1911401, 15,1898158),
(63,1911567, 15,1927770),
(63,1914507, 15,2006230),
(63,1915976, 15,2042326),
(63,1921325, 15,2187560),
(63,1930248, 15,2755942),
(63,1938516, 15,3199793),
(63,1940130, 15,3261644),
(63,1943692, 15,3398130),
(63,1943382, 15,3527599),
(63,1937585, 15,3689594),
(63,1934844, 15,3767074),
(63,1935011, 15,3914012),
(63,1940218, 15,4053586),
(63,1913036, 15,4391175),
(63,1906995, 15,4477430),
(63,1905816, 15,4511291),
(63,1902170, 15,4545799),
(63,1864256, 15,4902412),
(63,1811806, 15,5103293),
(63,1773109, 15,5274415),
(63,1633787, 15,5669503),
(63,1633458, 15,5670931),
(63,1625510, 15,5714524),
(63,1625144, 15,5917739),
(63,1625807, 15,5924508),
(63,1626852, 15,5932074),
(63,1628036, 15,5939017),
(63,1632069, 15,5954072),
(63,1636299, 15,5964106),
(63,1641874, 15,5974342),
(63,1648771, 15,5985256),
(63,1653718, 15,5992678),
(63,1654480, 15,5993979),
(63,1658775, 15,6001388),
(63,1672987, 15,6044916),
(63,1676474, 15,6063587),
(63,1682075, 15,6104364),
(63,1682428, 15,6118828),
(63,1681750, 15,6136695),
(63,1678040, 15,6168485),
(63,1675996, 15,6185989),
(63,1674399, 15,6199668),
(63,1673585, 15,6209708),
(63,1673551, 15,6210122),
(63,1670490, 15,6273865),
(63,1669099, 15,6287572),
(63,1666403, 15,6313721),
(63,1665107, 15,6330731),
(63,1665620, 15,6389992),
(63,1664108, 15,6449942),
(63,1655223, 15,6516199),
(63,1651674, 15,6575493),
(63,1664834, 15,6791908),
(63,1664595, 15,6822380),
(63,1663597, 15,6840504),
(63,1663151, 15,6846755),
(63,1656599, 15,6892577),
(63,1624821, 15,7065015),
(63,1603254, 15,7378447),
(63,1601964, 15,7404447),
(63,1598639, 15,7432817),
(63,1593251, 15,7467114),
(63,1586790, 15,7508292),
(63,1580929, 15,7557089),
(63,1578559, 15,7592131),
(63,1595098, 15,7805890),
(63,1597966, 15,7826854),
(63,1603784, 15,7871104),
(63,1671087, 15,8075330),
(63,1672400, 15,8077900),
(63,1676905, 15,8085067),
(63,1681950, 15,8094241),
(63,1685677, 15,8102221),
(63,1687172, 15,8105620),
(63,1698018, 15,8134107),
(63,1707448, 15,8168149),
(63,1712653, 15,8194830),
(63,1714051, 15,8204249),
(63,1735426, 15,8525876),
(63,1737538, 15,8602334),
(63,1730320, 15,8740363),
(63,1729483, 15,8756220),
(63,1778226, 15,9102837),
(63,1803893, 15,9357711),
(63,1801620, 15,9378873),
(63,1422004, 16,0042197),
(63,1415648, 16,0057309),
(63,1390020, 16,0250381),
(63,1384754, 16,0300993),
(63,1386018, 16,0330393),
(63,1386179, 16,0333197),
(63,1390876, 16,0373002),
(63,1463756, 16,0565004),
(63,1482490, 16,0771608),
(63,1470835, 16,0863910),
(63,1453221, 16,0980605),
(63,1453244, 16,0989778),
(63,1453251, 16,1067724),
(63,1449028, 16,1182949),
(63,1449029, 16,1197099),
(63,1450507, 16,1243643),
(63,1452829, 16,1287496),
(63,1454061, 16,1309011),
(63,1455165, 16,1324837),
(63,1468063, 16,1466889),
(63,1477758, 16,1598780),
(63,1481878, 16,1767615),
(63,1483353, 16,1777719),
(63,1569269, 16,2032276),
(63,1572503, 16,2081682),
(63,1573916, 16,2114121),
(63,1572502, 16,2154276),
(63,1560846, 16,2208282),
(63,1552421, 16,2232932),
(63,1538434, 16,2421180),
(63,1507624, 16,2589256),
(63,1507532, 16,2592066),
(63,1503191, 16,2681573),
(63,1503401, 16,2694887),
(63,1503678, 16,2706844),
(63,1504359, 16,2735512),
(63,1504815, 16,2753619),
(63,1505719, 16,2833111),
(63,1493589, 16,2936836),
(63,1492772, 16,2941175),
(63,1476167, 16,3047840),
(63,1468412, 16,3192270),
(63,1461238, 16,3259253),
(63,1376767, 16,3420726),
(63,1338956, 16,3468659),
(63,1326088, 16,3491381),
(63,1321627, 16,3499078),
(63,1302196, 16,3527718),
(63,1227520, 16,3607572),
(63,1207945, 16,3625660),
(63,1181162, 16,3646273),
(63,1004081, 16,3802174),
(63,0999764, 16,3827988),
(63,0925761, 16,4463481),
(63,0926489, 16,4474720),
(63,0921360, 16,4583420),
(63,0730038, 16,4948145),
(63,0648419, 16,5098479),
(63,0609525, 16,5156262),
(63,0578282, 16,5204071),
(63,0542707, 16,5240425),
(63,0364975, 16,5525314),
(63,0357743, 16,5592133),
(63,0357829, 16,5599635),
(63,0341977, 16,5797062),
(63,0340555, 16,5812971),
(63,0331511, 16,5871891),
(63,0326749, 16,5898235),
(63,0325457, 16,5907081),
(63,0324882, 16,5911015),
(63,0320871, 16,5949017),
(63,0317905, 16,5979192),
(63,0294397, 16,6130684),
(63,0293780, 16,6133684),
(63,0289120, 16,6167022),
(63,0287280, 16,6178060),
(63,0285244, 16,6189585),
(63,0284364, 16,6194741),
(63,0278039, 16,6219912),
(63,0271619, 16,6242912),
(63,0271343, 16,6243712),
(63,0269540, 16,6249379),
(63,0265952, 16,6259357),
(63,0258945, 16,6276647),
(63,0252269, 16,6296149),
(63,0246768, 16,6313385),
(63,0245836, 16,6316200),
(63,0239533, 16,6335327),
(63,0232379, 16,6356408),
(63,0228396, 16,6366393),
(63,0227459, 16,6366732),
(63,0226890, 16,6368631),
(63,0227014, 16,6370296),
(63,0224096, 16,6381418),
(63,0216546, 16,6404870),
(63,0213882, 16,6412932),
(63,0197693, 16,6449230),
(63,0194841, 16,6454223),
(63,0189002, 16,6464275),
(63,0177959, 16,6483027),
(63,0165102, 16,6505248),
(63,0157074, 16,6519247),
(63,0149885, 16,6531299),
(63,0145084, 16,6537980),
(63,0138167, 16,6544531),
(63,0128516, 16,6553169),
(63,0123949, 16,6559833),
(63,0121301, 16,6565873),
(63,0114119, 16,6616732),
(63,0115340, 16,6629193),
(63,0118946, 16,6648000),
(63,0121219, 16,6655236),
(63,0139937, 16,6698087),
(63,0209806, 16,6981299),
(63,0227925, 16,7010707),
(63,0284831, 16,7103016),
(63,0312163, 16,7146729),
(63,0382157, 16,7254299),
(63,0449633, 16,7395241),
(63,0459438, 16,7440924),
(63,0479003, 16,7671371),
(63,0525211, 16,7997855),
(63,0574177, 16,8126080),
(63,0589059, 16,8178848),
(63,0589427, 16,8180125),
(63,0592514, 16,8191730),
(63,0592818, 16,8192798),
(63,0614701, 16,8269846),
(63,0636736, 16,8437437),
(63,0646337, 16,8581708),
(63,0662412, 16,8652415),
(63,0681636, 16,8706029),
(63,0681943, 16,8706782),
(63,0697686, 16,8746068),
(63,0772427, 16,8902298),
(63,0777237, 16,8910999),
(63,0780281, 16,8916521),
(63,0782051, 16,8919794),
(63,0795320, 16,8948573),
(63,0797973, 16,8957803),
(63,0800901, 16,8973031),
(63,0801384, 16,9063919),
(63,0796529, 16,9184384),
(63,0793913, 16,9249714),
(63,0793197, 16,9266484),
(63,0792916, 16,9271046),
(63,0789315, 16,9309758),
(63,0784826, 16,9340389),
(63,0756035, 16,9519357),
(63,0748804, 16,9640649),
(63,0749046, 16,9676209),
(63,0749910, 16,9799519),
(63,0750246, 16,9842852),
(63,0750406, 16,9861227),
(63,0754997, 16,9908980),
(63,0767651, 16,9962743),
(63,0772422, 16,9981428),
(63,0781914, 17,0017980),
(63,0796112, 17,0049580),
(63,0801966, 17,0061800),
(63,0808074, 17,0074181),
(63,0818378, 17,0090936),
(63,0823007, 17,0096930),
(63,0840251, 17,0119369),
(63,0855436, 17,0138588),
(63,0880818, 17,0156961),
(63,0899988, 17,0161804),
(63,0922164, 17,0166440),
(63,0926942, 17,0167055),
(63,0954289, 17,0161898),
(63,1026971, 17,0115953),
(63,1056922, 17,0084368),
(63,1083597, 17,0059751),
(63,1196155, 17,0139102),
(63,1197276, 17,0139199),
(63,1201277, 17,0139092),
(63,1204539, 17,0138546),
(63,1241085, 17,0116976),
(63,1249712, 17,0111339),
(63,1300159, 17,0102636),
(63,1325726, 17,0111163),
(63,1334864, 17,0121786),
(63,1342542, 17,0132213),
(63,1344432, 17,0134422),
(63,1360433, 17,0156023),
(63,1385684, 17,0170069),
(63,1410626, 17,0185455),
(63,1415834, 17,0189521),
(63,1420314, 17,0192267),
(63,1451215, 17,0207164),
(63,1463339, 17,0213423),
(63,1469207, 17,0216197),
(63,1489017, 17,0224079),
(63,1500783, 17,0227922),
(63,1517026, 17,0233252),
(63,1517762, 17,0233510),
(63,1546866, 17,0239373),
(63,1550167, 17,0238808),
(63,1550405, 17,0238711),
(63,1564300, 17,0229358),
(63,1569425, 17,0224731),
(63,1604474, 17,0239102),
(63,1608648, 17,0249456),
(63,1613264, 17,0260944),
(63,1622071, 17,0279373),
(63,1623185, 17,0281139),
(63,1632685, 17,0292022),
(63,1651260, 17,0301104),
(63,1659056, 17,0303977),
(63,1665775, 17,0306831),
(63,1701859, 17,0340384),
(63,1705407, 17,0345922),
(63,1718631, 17,0365156),
(63,1726021, 17,0375937),
(63,1743061, 17,0403426),
(63,1747533, 17,0414108),
(63,1750640, 17,0553515),
(63,1742196, 17,0576802),
(63,1736664, 17,0589974),
(63,1733149, 17,0598800),
(63,1726029, 17,0620294),
(63,1718669, 17,0679438),
(63,1733366, 17,0796908),
(63,1730434, 17,0844226),
(63,1726609, 17,0863848),
(63,1724251, 17,0875034),
(63,1723385, 17,0878878),
(63,1715606, 17,0915015),
(63,1657693, 17,1107864),
(63,1652281, 17,1127951),
(63,1643094, 17,1166997),
(63,1617003, 17,1596620),
(63,1617214, 17,1691512),
(63,1618010, 17,1722102),
(63,1618158, 17,1725717),
(63,1618299, 17,1728241),
(63,1620125, 17,1751861),
(63,1673907, 17,1959116),
(63,1686745, 17,2007964),
(63,1686821, 17,2008375),
(63,1714946, 17,2117425),
(63,1733584, 17,2156465),
(63,1739199, 17,2187252),
(63,1735098, 17,2256678),
(63,1733475, 17,2262755),
(63,1732026, 17,2266993),
(63,1721882, 17,2289280),
(63,1708743, 17,2316368),
(63,1707768, 17,2319100),
(63,1705651, 17,2326371),
(63,1698761, 17,2360245),
(63,1698039, 17,2363567),
(63,1695126, 17,2375590),
(63,1693061, 17,2387162),
(63,1692878, 17,2387253),
(63,1691662, 17,2389271),
(63,1691517, 17,2389901),
(63,1692914, 17,2396076),
(63,1693546, 17,2396206),
(63,1700754, 17,2407188),
(63,1710498, 17,2467339),
(63,1710863, 17,2469848),
(63,1711529, 17,2474408),
(63,1712412, 17,2480524),
(63,1714027, 17,2491177),
(63,1714312, 17,2493209),
(63,1715708, 17,2508149),
(63,1715834, 17,2517924),
(63,1713421, 17,2535865),
(63,1712683, 17,2538349),
(63,1713797, 17,2542169),
(63,1714378, 17,2542294),
(63,1719798, 17,2548905),
(63,1754162, 17,2594099),
(63,1766877, 17,2604213),
(63,1780461, 17,2614437),
(63,1783874, 17,2618901),
(63,1784525, 17,2621444),
(63,1785927, 17,2631075),
(63,1781493, 17,2673696),
(63,1780849, 17,2679114),
(63,1780177, 17,2684874),
(63,1778319, 17,2697714),
(63,1774398, 17,2724141),
(63,1773920, 17,2732331),
(63,1773929, 17,2736827),
(63,1774375, 17,2744937),
(63,1773950, 17,2750480),
(63,1773621, 17,2751065),
(63,1773702, 17,2755031),
(63,1774084, 17,2755576),
(63,1775404, 17,2764638),
(63,1776187, 17,2779162),
(63,1778856, 17,2826808),
(63,1780441, 17,2857224),
(63,1781297, 17,2874087),
(63,1781062, 17,2901931),
(63,1780760, 17,2904640),
(63,1773018, 17,2942686),
(63,1771986, 17,2947090),
(63,1748657, 17,3065678),
(63,1746261, 17,3080227),
(63,1734293, 17,3151860),
(63,1724424, 17,3244812),
(63,1720363, 17,3283003),
(63,1713507, 17,3348348),
(63,1711489, 17,3366858),
(63,1701681, 17,3438022),
(63,1695841, 17,3463536),
(63,1691499, 17,3479618),
(63,1688672, 17,3489507),
(63,1671204, 17,3552917),
(63,1666018, 17,3583752),
(63,1663716, 17,3606682),
(63,1662570, 17,3641162),
(63,1662238, 17,3670287),
(63,1661967, 17,3689385),
(63,1660319, 17,3734085),
(63,1655248, 17,3807927),
(63,1654470, 17,3822041),
(63,1653951, 17,3875123),
(63,1653353, 17,3969054),
(63,1653406, 17,3973925),
(63,1653239, 17,3998375),
(63,1653731, 17,4029718),
(63,1656167, 17,4067397),
(63,1658898, 17,4090865),
(63,1659936, 17,4098750),
(63,1665862, 17,4141953),
(63,1670890, 17,4179065),
(63,1674501, 17,4205680),
(63,1680528, 17,4237763),
(63,1688975, 17,4270868),
(63,1697301, 17,4304527),
(63,1699157, 17,4313864),
(63,1721264, 17,4458249),
(63,1724412, 17,4466771),
(63,1748953, 17,4531928),
(63,1755416, 17,4549051),
(63,1772728, 17,4595538),
(63,1776954, 17,4606799),
(63,1801868, 17,4682104),
(63,1802905, 17,4686152),
(63,1804894, 17,4694498),
(63,1813896, 17,4738873),
(63,1814286, 17,4800108),
(63,1811921, 17,4814173),
(63,1807073, 17,4833759),
(63,1805537, 17,4838066),
(63,1775392, 17,4889827),
(63,1755537, 17,4936837),
(63,1748076, 17,5065694),
(63,1747758, 17,5073055),
(63,1745577, 17,5102526),
(63,1741605, 17,5143579),
(63,1740399, 17,5156151),
(63,1739413, 17,5169570),
(63,1739002, 17,5181128),
(63,1741965, 17,5240495),
(63,1742498, 17,5248246),
(63,1745800, 17,5292801),
(63,1747517, 17,5307108),
(63,1748991, 17,5318444),
(63,1749214, 17,5320093),
(63,1754646, 17,5362845),
(63,1757180, 17,5386815),
(63,1762300, 17,5436882),
(63,1764369, 17,5458183),
(63,1765525, 17,5478372),
(63,1765619, 17,5505041),
(63,1764772, 17,5529614),
(63,1764024, 17,5551576),
(63,1765057, 17,5591249),
(63,1767824, 17,5618165),
(63,1771057, 17,5643413),
(63,1773015, 17,5659102),
(63,1778569, 17,5712330),
(63,1778205, 17,5776099),
(63,1775111, 17,5807979),
(63,1771626, 17,5832831),
(63,1770431, 17,5841594),
(63,1769194, 17,5850493),
(63,1767238, 17,5863473),
(63,1764860, 17,5883100),
(63,1763608, 17,5903770),
(63,1764056, 17,5923261),
(63,1764560, 17,5930501),
(63,1765119, 17,5938546),
(63,1766848, 17,5968112),
(63,1766789, 17,5972120),
(63,1764288, 17,6001470),
(63,1763332, 17,6011688),
(63,1763758, 17,6066135),
(63,1764190, 17,6082365),
(63,1763536, 17,6109906),
(63,1759106, 17,6151001),
(63,1735163, 17,6280464),
(63,1729356, 17,6299042),
(63,1716838, 17,6323245),
(63,1704415, 17,6336493),
(63,1691327, 17,6350195),
(63,1689426, 17,6352823),
(63,1624224, 17,6502816),
(63,1611107, 17,6534636),
(63,1603922, 17,6553504),
(63,1600760, 17,6564120),
(63,1599356, 17,6569656),
(63,1592194, 17,6612753),
(63,1587384, 17,6652232),
(63,1570968, 17,6724059),
(63,1569473, 17,6728298),
(63,1564094, 17,6741634),
(63,1552526, 17,6763957),
(63,1545961, 17,6773896),
(63,1539016, 17,6784303),
(63,1529258, 17,6804413),
(63,1525745, 17,6814057),
(63,1516835, 17,6853038),
(63,1514857, 17,6871106),
(63,1513809, 17,6892769),
(63,1513995, 17,6902765),
(63,1519310, 17,6967985),
(63,1535646, 17,7101390),
(63,1537116, 17,7134099),
(63,1522521, 17,7236180),
(63,1516589, 17,7266751),
(63,1515486, 17,7277604),
(63,1512650, 17,7315373),
(63,1506303, 17,7369136),
(63,1501034, 17,7398306),
(63,1496092, 17,7424925),
(63,1494025, 17,7436088),
(63,1492388, 17,7445340),
(63,1490145, 17,7457453),
(63,1482326, 17,7500201),
(63,1479012, 17,7518400),
(63,1472523, 17,7567977),
(63,1472621, 17,7577432),
(63,1473847, 17,7595768),
(63,1476722, 17,7617132),
(63,1477915, 17,7623433),
(63,1481753, 17,7638735),
(63,1485214, 17,7648151),
(63,1491946, 17,7661043),
(63,1507309, 17,7678719),
(63,1520164, 17,7692273),
(63,1529314, 17,7701936),
(63,1535556, 17,7708524),
(63,1545916, 17,7719640),
(63,1570023, 17,7784031),
(63,1622522, 17,7891721),
(63,1630936, 17,7902608),
(63,1641397, 17,7907251),
(63,1650965, 17,7907072),
(63,1659086, 17,7907229),
(63,1661229, 17,7907869),
(63,1676182, 17,7921806),
(63,1678559, 17,7925847),
(63,1693483, 17,7962528),
(63,1716244, 17,7983312),
(63,1716587, 17,7983612),
(63,1733602, 17,7998635),
(63,1736030, 17,8000786),
(63,1740730, 17,8004943),
(63,1745105, 17,8008842),
(63,1783880, 17,8033175),
(63,1799696, 17,8062072),
(63,1853887, 17,8108184),
(63,1870071, 17,8114876),
(63,1884003, 17,8127776),
(63,1886801, 17,8132591),
(63,1898438, 17,8156746),
(63,1904950, 17,8168306),
(63,1924374, 17,8185519),
(63,1960110, 17,8207034),
(63,1991103, 17,8302094),
(63,1995784, 17,8320151),
(63,2031672, 17,8475787),
(63,2048390, 17,8511437),
(63,2063158, 17,8533369),
(63,2070025, 17,8538396),
(63,2070385, 17,8538569),
(63,2074385, 17,8539877),
(63,2134751, 17,8527066),
(63,2137630, 17,8526114),
(63,2240144, 17,8501199),
(63,2330416, 17,8535354),
(63,2331822, 17,8536635),
(63,2373288, 17,8505576),
(63,2456507, 17,8560326),
(63,2497431, 17,8634990),
(63,2507937, 17,8664768),
(63,2511729, 17,8683645),
(63,2509887, 17,8775314),
(63,2489153, 17,8898957),
(63,2465779, 17,9046100),
(63,2425468, 17,9468925),
(63,2693413, 17,9695534),
(63,2773052, 18,0423031),
(63,2679450, 18,1028814),
(63,2670706, 18,1136129),
(63,2664644, 18,1257662),
(63,2679248, 18,1710366),
(63,2679001, 18,1737826),
(63,2678581, 18,1784442),
(63,2677886, 18,1861681),
(63,2629194, 18,2228251),
(63,2624255, 18,2351340),
(63,2632888, 18,2390108),
(63,2640344, 18,2410564),
(63,2643659, 18,2419385),
(63,2654862, 18,2454098),
(63,2676702, 18,2502692),
(63,2693381, 18,2542287),
(63,2695961, 18,2557296),
(63,2698062, 18,2580617),
(63,2683433, 18,2693790),
(63,2682954, 18,2721723),
(63,2764293, 18,2739144),
(63,2812965, 18,2772613),
(63,2823824, 18,2784014),
(63,2827094, 18,2791870),
(63,2830825, 18,2801144),
(63,2833404, 18,2806971),
(63,2865789, 18,2839931),
(63,2883833, 18,2848111),
(63,2889190, 18,2850664),
(63,2909259, 18,2872075),
(63,2923367, 18,2911667),
(63,2927985, 18,2926097),
(63,2930939, 18,2932556),
(63,2929148, 18,2937356),
(63,2926854, 18,2943523),
(63,2926115, 18,2945434),
(63,2937704, 18,2969007),
(63,2945669, 18,2985283),
(63,2953103, 18,2999625),
(63,2958048, 18,3009129),
(63,3005697, 18,3300121),
(63,3009534, 18,3304494),
(63,3017602, 18,3311387),
(63,3041708, 18,3351972),
(63,3043903, 18,3372408),
(63,3019050, 18,3703139),
(63,3002544, 18,3724126),
(63,2993698, 18,3726970),
(63,2985653, 18,3727438),
(63,2982646, 18,3728522),
(63,2981887, 18,3728926),
(63,2980971, 18,3729462),
(63,2968774, 18,3747460),
(63,2957621, 18,3784057),
(63,2927495, 18,3885407),
(63,2924204, 18,3896785),
(63,2916350, 18,3925654),
(63,2897366, 18,4107417),
(63,2897345, 18,4108282),
(63,2893824, 18,4254184),
(63,2893795, 18,4255369),
(63,2893750, 18,4257233),
(63,2891927, 18,4332778),
(63,2890244, 18,4417204),
(63,2889935, 18,4424673),
(63,2889145, 18,4454488),
(63,2888441, 18,4511136),
(63,2889849, 18,4526397),
(63,2905206, 18,4601704),
(63,2919568, 18,4668879),
(63,2920749, 18,4674291),
(63,2923567, 18,4687589),
(63,2930737, 18,4785006),
(63,2930646, 18,4790310),
(63,2930453, 18,4798635),
(63,2929183, 18,4855979),
(63,2927334, 18,4951671),
(63,2874692, 18,5257878),
(63,2865714, 18,5289397),
(63,2864511, 18,5293936),
(63,2855914, 18,5326040),
(63,2852464, 18,5337977),
(63,2851606, 18,5341138),
(63,2848193, 18,5353719),
(63,2841780, 18,5375898),
(63,2839317, 18,5384097),
(63,2841085, 18,5388609),
(63,2848559, 18,5407902),
(63,2857073, 18,5437305),
(63,2859917, 18,5482435),
(63,2870178, 18,5545306),
(63,2871281, 18,5550632),
(63,2873783, 18,5563924),
(63,2870937, 18,5611476),
(63,2869905, 18,5620677),
(63,2866763, 18,5647112),
(63,2864508, 18,5667286),
(63,2853284, 18,5669666),
(63,2851421, 18,5669770),
(63,2850393, 18,5669783),
(63,2850772, 18,5680958),
(63,2851276, 18,5690058),
(63,2852034, 18,5698987),
(63,2854049, 18,5717456),
(63,2864165, 18,5813074),
(63,2868537, 18,5858722),
(63,2870982, 18,6023138),
(63,2877879, 18,6139101),
(63,2881279, 18,6152495),
(63,2892519, 18,6185448),
(63,2894886, 18,6191421),
(63,2899327, 18,6202643),
(63,2905638, 18,6218305),
(63,2910618, 18,6230351),
(63,2930157, 18,6279140),
(63,2938647, 18,6300351),
(63,2943533, 18,6311956),
(63,2978668, 18,6500512),
(63,2974638, 18,6585554),
(63,2973784, 18,6593360),
(63,2970014, 18,6618228),
(63,2956214, 18,6842677),
(63,2956184, 18,6857248),
(63,2954437, 18,6887320),
(63,2921811, 18,7017903),
(63,2920032, 18,7026014),
(63,2909534, 18,7055767),
(63,2905320, 18,7060834),
(63,2905000, 18,7060618),
(63,2903268, 18,7061732),
(63,2902794, 18,7063378),
(63,2903110, 18,7067487),
(63,2904124, 18,7068941),
(63,2909068, 18,7111243),
(63,2910628, 18,7123977),
(63,2910757, 18,7125264),
(63,2913525, 18,7150305),
(63,2914145, 18,7155955),
(63,2915504, 18,7168180),
(63,2915624, 18,7169303),
(63,2916685, 18,7178666),
(63,2917908, 18,7189656),
(63,2918139, 18,7191819),
(63,2951585, 18,7203546),
(63,2956622, 18,7198507),
(63,2957274, 18,7197803),
(63,2965475, 18,7190149),
(63,2989040, 18,7183389),
(63,3004131, 18,7190481),
(63,3016321, 18,7217285),
(63,3036498, 18,7325957),
(63,3037106, 18,7333805),
(63,3037282, 18,7341563),
(63,3036125, 18,7342537),
(63,3034674, 18,7347827),
(63,3034686, 18,7349283),
(63,3035765, 18,7353729),
(63,3036278, 18,7354517),
(63,3059018, 18,7667268),
(63,3059380, 18,7670079),
(63,3119437, 18,7881862),
(63,3124224, 18,7892237),
(63,3138636, 18,7920361),
(63,3147730, 18,7938827),
(63,3150165, 18,7944183),
(63,3151204, 18,8097710),
(63,3125115, 18,8218149),
(63,3108844, 18,8314384),
(63,3101708, 18,8366621),
(63,3099326, 18,8378290),
(63,3095398, 18,8397310),
(63,3031872, 18,8573015),
(63,3024240, 18,8591509),
(63,3020601, 18,8599848),
(63,2979532, 18,8687275),
(63,2972429, 18,8704862),
(63,2959061, 18,8770399),
(63,2958731, 18,8826755),
(63,2960910, 18,8846605),
(63,2963215, 18,8861025),
(63,2965179, 18,8872944),
(63,2968914, 18,8891525),
(63,2975045, 18,8925265),
(63,2987907, 18,8975781),
(63,2989083, 18,8979259),
(63,2995184, 18,8995959),
(63,2999656, 18,9007706),
(63,3043181, 18,9101546),
(63,3047727, 18,9110971),
(63,3049774, 18,9115887),
(63,3051421, 18,9120280),
(63,3055432, 18,9131897),
(63,3062413, 18,9161574),
(63,3086569, 18,9285526),
(63,3095314, 18,9308295),
(63,3104127, 18,9331435),
(63,3108350, 18,9342164),
(63,3117069, 18,9364861),
(63,3128682, 18,9572833),
(63,3133806, 18,9620678),
(63,3135543, 18,9633100),
(63,3139264, 18,9663449),
(63,3140687, 18,9678333),
(63,3142699, 18,9717088),
(63,3147483, 19,0001130),
(63,3148231, 19,0007798),
(63,3150451, 19,0023007),
(63,3157931, 19,0062281),
(63,3161358, 19,0077428),
(63,3162595, 19,0084047),
(63,3168310, 19,0115063),
(63,3170902, 19,0129184),
(63,3213017, 19,0348016),
(63,3215883, 19,0362573),
(63,3223754, 19,0402361),
(63,3227762, 19,0422673),
(63,3229792, 19,0433681),
(63,3238150, 19,0468891),
(63,3293045, 19,0569467),
(63,3298692, 19,0578325),
(63,3328520, 19,0622435),
(63,3345032, 19,0646769),
(63,3351181, 19,0658866),
(63,3359090, 19,0678833),
(63,3396255, 19,0883380),
(63,3393146, 19,0934592),
(63,3391711, 19,0957447),
(63,3390725, 19,0974680),
(63,3410733, 19,1113648),
(63,3417012, 19,1127203),
(63,3422343, 19,1138257),
(63,3428522, 19,1154619),
(63,3433926, 19,1174212),
(63,3434244, 19,1175898),
(63,3444278, 19,1234451),
(63,3446511, 19,1250253),
(63,3449952, 19,1270187),
(63,3495355, 19,1482379),
(63,3498231, 19,1491257),
(63,3501027, 19,1498910),
(63,3506057, 19,1516641),
(63,3516718, 19,1550231),
(63,3552030, 19,1653421),
(63,3567425, 19,1685600),
(63,3575759, 19,1700375),
(63,3618080, 19,1771138),
(63,3622545, 19,1778578),
(63,3631464, 19,1793515),
(63,3681600, 19,1869475),
(63,3688465, 19,1876167),
(63,3693954, 19,1881595),
(63,3718446, 19,1895873),
(63,3735800, 19,1900168),
(63,3750521, 19,1902721),
(63,3891891, 19,1944464),
(63,3936733, 19,1950793),
(63,3941440, 19,1953595),
(63,3987200, 19,1990222),
(63,4006108, 19,2006829),
(63,4058395, 19,2042011),
(63,4142333, 19,2059464),
(63,4148163, 19,2058680),
(63,4154664, 19,2058168),
(63,4169092, 19,2055755),
(63,4186235, 19,2052742),
(63,4194817, 19,2051596),
(63,4197148, 19,2051200),
(63,4204601, 19,2049933),
(63,4287337, 19,2077958),
(63,4311986, 19,2095986),
(63,4364416, 19,2113538),
(63,4437104, 19,2164951),
(63,4508858, 19,2287339),
(63,4526006, 19,2325748),
(63,4563569, 19,2431147),
(63,4600090, 19,2569387),
(63,4606457, 19,2587127),
(63,4609784, 19,2595802),
(63,4613037, 19,2604332),
(63,4630576, 19,2643778),
(63,4635981, 19,2654004),
(63,4646113, 19,2672011),
(63,4688922, 19,2756216),
(63,4707990, 19,2803040),
(63,4718685, 19,2828002),
(63,4719060, 19,2828762),
(63,4726517, 19,2843890),
(63,4776092, 19,2918157),
(63,4797303, 19,2950213),
(63,4806952, 19,2965278),
(63,4864364, 19,3071511),
(63,4939271, 19,3191814),
(63,4944610, 19,3200071),
(63,4952362, 19,3211696),
(63,5044040, 19,3448867),
(63,5047723, 19,3456460),
(63,5082525, 19,3519175),
(63,5101357, 19,3551157),
(63,5110365, 19,3566442),
(63,5112223, 19,3569544),
(63,5113660, 19,3572218),
(63,5115327, 19,3575109),
(63,5117651, 19,3578927),
(63,5221816, 19,3804473),
(63,5334720, 19,3987485),
(63,5348035, 19,4002979),
(63,5365714, 19,4021892),
(63,5388359, 19,4044089),
(63,5415237, 19,4067898),
(63,5463457, 19,4111104),
(63,5471081, 19,4118964),
(63,5515197, 19,4168734),
(63,5540278, 19,4198330),
(63,5559984, 19,4221261),
(63,5588217, 19,4250640),
(63,5594771, 19,4257260),
(63,5606814, 19,4269275),
(63,5630848, 19,4290488),
(63,5664397, 19,4320714),
(63,5682396, 19,4345040),
(63,5684590, 19,4347883),
(63,5720987, 19,4406217),
(63,5732475, 19,4433894),
(63,5743269, 19,4465568),
(63,5759618, 19,4525271),
(63,5768263, 19,4563822),
(63,5777632, 19,4624205),
(63,5778217, 19,4629854),
(63,5783752, 19,4696790),
(63,5791027, 19,4791627),
(63,5799515, 19,4936175),
(63,5799656, 19,4944751),
(63,5800788, 19,5032140),
(63,5818977, 19,5273694),
(63,5835523, 19,5425651),
(63,5846398, 19,5645758),
(63,5845701, 19,5699948),
(63,5845022, 19,6017465),
(63,5847232, 19,6055162),
(63,5848633, 19,6076776),
(63,5849668, 19,6096721),
(63,5850750, 19,6122787),
(63,5851544, 19,6167820),
(63,5851164, 19,6210660),
(63,5853654, 19,6522821),
(63,5857603, 19,6553417),
(63,5862748, 19,6589748),
(63,5866786, 19,6616148),
(63,5869618, 19,6636232),
(63,5872850, 19,6658843),
(63,5874424, 19,6671151),
(63,5885823, 19,6782212),
(63,5889048, 19,6817267),
(63,5891374, 19,6838380),
(63,5893239, 19,6853253),
(63,5895237, 19,6868453),
(63,5899889, 19,6900211),
(63,5906073, 19,6937522),
(63,5921166, 19,7010228),
(63,5923410, 19,7019481),
(63,5953123, 19,7143561),
(63,5961369, 19,7187168),
(63,5993603, 19,7468118),
(63,6036540, 19,7635872),
(63,6037759, 19,7639459),
(63,6046660, 19,7665536),
(63,6067894, 19,7726652),
(63,6070548, 19,7734017),
(63,6134811, 19,8030686),
(63,6136143, 19,8042353),
(63,6138856, 19,8067444),
(63,6153988, 19,8233642),
(63,6155618, 19,8242955),
(63,6158144, 19,8256117),
(63,6171630, 19,8313128),
(63,6249790, 19,8520566),
(63,6267856, 19,8586953),
(63,6273844, 19,8613600),
(63,6275820, 19,8623084),
(63,6281576, 19,8653977),
(63,6288538, 19,8696730),
(63,6293896, 19,8730102),
(63,6297283, 19,8751169),
(63,6300377, 19,8768956),
(63,6305541, 19,8795959),
(63,6329227, 19,8894668),
(63,6368130, 19,9030270),
(63,6375570, 19,9062758),
(63,6377400, 19,9071746),
(63,6381732, 19,9093142),
(63,6384348, 19,9107003),
(63,6388637, 19,9129601),
(63,6392692, 19,9151372),
(63,6396508, 19,9171944),
(63,6398549, 19,9183143),
(63,6398848, 19,9184968),
(63,6400765, 19,9196085),
(63,6407940, 19,9227422),
(63,6411684, 19,9237909),
(63,6423168, 19,9268052),
(63,6498875, 19,9466189),
(63,6525100, 19,9505790),
(63,6542610, 19,9531528),
(63,6547518, 19,9538817),
(63,6627810, 19,9643151),
(63,6632695, 19,9649443),
(63,6637354, 19,9655306),
(63,6701086, 19,9766540),
(63,6720509, 19,9804965),
(63,6764811, 19,9900641),
(63,6779914, 19,9933437),
(63,6793958, 19,9961957),
(63,6797515, 19,9969367),
(63,6799567, 19,9973745),
(63,6807000, 19,9989066),
(63,6808627, 19,9992065),
(63,6816683, 20,0007545),
(63,6836410, 20,0045793),
(63,6839916, 20,0052387),
(63,6851426, 20,0074387),
(63,6885393, 20,0140124),
(63,6899489, 20,0167974),
(63,6952509, 20,0269720),
(63,6956279, 20,0277117),
(63,6990500, 20,0343719),
(63,7001756, 20,0365569),
(63,7006480, 20,0374900),
(63,7012449, 20,0386076),
(63,7016137, 20,0392686),
(63,7023832, 20,0407010),
(63,7109524, 20,0565968),
(63,7126620, 20,0600691),
(63,7153992, 20,0664003),
(63,7157299, 20,0672416),
(63,7185549, 20,0735477),
(63,7264118, 20,0854645),
(63,7267760, 20,0863786),
(63,7313320, 20,0966670),
(63,7425342, 20,1288331),
(63,7438463, 20,1322027),
(63,7446217, 20,1341918),
(63,7450404, 20,1352265),
(63,7454244, 20,1362957),
(63,7501043, 20,1480839),
(63,7536428, 20,1551545),
(63,7541272, 20,1560354),
(63,7550105, 20,1575992),
(63,7582035, 20,1636569),
(63,7623000, 20,1698262),
(63,7638537, 20,1718866),
(63,7646999, 20,1730290),
(63,7654594, 20,1740412),
(63,7659464, 20,1746535),
(63,7671400, 20,1763278),
(63,7707621, 20,1816809),
(63,7744419, 20,1858706),
(63,7763056, 20,1881649),
(63,7764829, 20,1883876),
(63,7771183, 20,1891478),
(63,7776770, 20,1898509),
(63,7774653, 20,1931319),
(63,7774646, 20,1932682),
(63,7774558, 20,1949037),
(63,7774554, 20,1949829),
(63,7774481, 20,1961273),
(63,7772675, 20,1975919),
(63,7765275, 20,2019960),
(63,7764686, 20,2033394),
(63,7741188, 20,2170753),
(63,7740110, 20,2175776),
(63,7708821, 20,2322261),
(63,7667551, 20,2558994),
(63,7667440, 20,2560546),
(63,7664468, 20,2616569),
(63,7664762, 20,2717447),
(63,7664786, 20,2726572),
(63,7664896, 20,2765289),
(63,7665122, 20,2825135),
(63,7665247, 20,2873827),
(63,7665059, 20,2959351),
(63,7622260, 20,2949199),
(63,7556672, 20,2943868),
(63,7526060, 20,2941295),
(63,7507208, 20,2939440),
(63,7499595, 20,2938498),
(63,7483147, 20,2934798),
(63,7481245, 20,2934248),
(63,7441592, 20,2916888),
(63,7434807, 20,2913123),
(63,7411254, 20,2899922),
(63,7405336, 20,2897086),
(63,7357073, 20,2897129),
(63,7250809, 20,2933246),
(63,7233700, 20,2945161),
(63,7184649, 20,3014000),
(63,7168681, 20,3037885),
(63,7149843, 20,3071251),
(63,7147990, 20,3075892),
(63,7142562, 20,3092253),
(63,7141885, 20,3094399),
(63,7107621, 20,3226887),
(63,7106706, 20,3231151),
(63,7104271, 20,3247500),
(63,7103338, 20,3256391),
(63,7103160, 20,3258617),
(63,7116982, 20,3434919),
(63,7118603, 20,3461486),
(63,7118722, 20,3469144),
(63,7118615, 20,3482072),
(63,7120931, 20,3563997),
(63,7121674, 20,3583741),
(63,7091363, 20,3605199),
(63,7071694, 20,3612763),
(63,7057799, 20,3616330),
(63,7031758, 20,3596804),
(63,7021191, 20,3587947),
(63,7019197, 20,3586881),
(63,7008433, 20,3582429),
(63,7000904, 20,3579557),
(63,6932894, 20,3533278),
(63,6923362, 20,3514205),
(63,6921448, 20,3510329),
(63,6882722, 20,3437360),
(63,6861589, 20,3417458),
(63,6850364, 20,3404583),
(63,6849193, 20,3402250),
(63,6814953, 20,3409652),
(63,6812485, 20,3433014),
(63,6806415, 20,3461028),
(63,6796188, 20,3489674),
(63,6779424, 20,3514822),
(63,6747262, 20,3536859),
(63,6662264, 20,3588679),
(63,6578164, 20,3648396),
(63,6501583, 20,3719764),
(63,6422465, 20,3799415),
(63,6340724, 20,3880890),
(63,6206938, 20,4013220),
(63,6050482, 20,4187670),
(63,5892584, 20,4384823),
(63,5750890, 20,4554897),
(63,5593820, 20,4747372),
(63,5438996, 20,4945427),
(63,5262260, 20,5172620),
(63,5088764, 20,5386768),
(63,4815351, 20,5666404),
(63,4466866, 20,6015263),
(63,4299087, 20,6160575),
(63,4124776, 20,6319233),
(63,3955451, 20,6469393),
(63,3786950, 20,6625734),
(63,3656887, 20,6745382),
(63,3456927, 20,6921249),
(63,3299325, 20,7075186),
(63,3111164, 20,7250152),
(63,3017625, 20,7366110),
(63,2983996, 20,7427264),
(63,2953275, 20,7506185),
(63,2676224, 20,8438436),
(63,2548124, 20,8896471),
(63,2471248, 20,9167782),
(63,2438445, 20,9280220),
(63,2405579, 20,9358111),
(63,1427313, 21,1079231),
(63,1255835, 21,1365262),
(63,1207920, 21,1474121),
(63,1186144, 21,1571041),
(63,1175823, 21,1649192),
(63,1165536, 21,1813341),
(63,1161791, 21,1916080),
(63,1166604, 21,2023454),
(63,1197758, 21,2272923),
(63,1255776, 21,2638860),
(63,1313794, 21,3044196),
(63,1325431, 21,3137494),
(63,1327720, 21,3189293),
(63,1322095, 21,3240534),
(63,1305978, 21,3291045),
(63,1228204, 21,3430515),
(63,1209059, 21,3470646),
(63,1196797, 21,3520771),
(63,1161095, 21,3704820),
(63,1026529, 21,4368010),
(63,0944441, 21,4855671),
(63,0863327, 21,5342635),
(63,0860476, 21,5374316),
(63,0877022, 21,5544426),
(63,0878229, 21,5562407),
(63,0887677, 21,5592091),
(63,0889377, 21,5597896),
(63,0892321, 21,5598341),
(63,0894674, 21,5640880),
(63,0894338, 21,5649550),
(63,0893622, 21,5668419),
(63,0893144, 21,5680969),
(63,0892310, 21,5702740),
(63,0891325, 21,5729099),
(63,0889873, 21,5771339),
(63,0895131, 21,5794444),
(63,0898689, 21,5805891),
(63,0920614, 21,5871213),
(63,0918427, 21,5883686),
(63,0916987, 21,5888696),
(63,0915875, 21,5892803),
(63,0913608, 21,5899354),
(63,0913181, 21,5900726),
(63,0914063, 21,5902283),
(63,0924216, 21,5963476),
(63,0923394, 21,5982102),
(63,0923250, 21,6004972),
(63,0923867, 21,6011358),
(63,0927819, 21,6038264),
(63,0930327, 21,6053338),
(63,0925154, 21,6057982),
(63,0925079, 21,6058049),
(63,0921245, 21,6061362),
(63,0915905, 21,6065960),
(63,0917150, 21,6072951),
(63,0917645, 21,6075727),
(63,0918097, 21,6078267),
(63,0918187, 21,6078773),
(63,0919409, 21,6085638),
(63,0920410, 21,6091258),
(63,0917993, 21,6093344),
(63,0916757, 21,6094434),
(63,0915076, 21,6095915),
(63,0913123, 21,6097637),
(63,0906052, 21,6103885),
(63,0902466, 21,6107082),
(63,0897749, 21,6111212),
(63,0891732, 21,6116476),
(63,0890199, 21,6117807),
(63,0886631, 21,6121058),
(63,0884014, 21,6123324),
(63,0876009, 21,6130268),
(63,0872141, 21,6133642),
(63,0869821, 21,6135665),
(63,0869528, 21,6135921),
(63,0863723, 21,6140982),
(63,0861430, 21,6143018),
(63,0862499, 21,6148701),
(63,0863700, 21,6155286),
(63,0863935, 21,6156568),
(63,0866429, 21,6170243),
(63,0868172, 21,6180092),
(63,0869454, 21,6187302),
(63,0866747, 21,6189597),
(63,0862417, 21,6193295),
(63,0860419, 21,6195032),
(63,0854506, 21,6200257),
(63,0853055, 21,6200136),
(63,0852686, 21,6199363),
(63,0851699, 21,6199077),
(63,0850943, 21,6200505),
(63,0850913, 21,6200782),
(63,0851028, 21,6203058),
(63,0851849, 21,6204276),
(63,0853202, 21,6208101),
(63,0855580, 21,6221251),
(63,0856576, 21,6227058),
(63,0856693, 21,6227742),
(63,0857785, 21,6233949),
(63,0857940, 21,6241953),
(63,0856817, 21,6246321),
(63,0855878, 21,6248371),
(63,0854580, 21,6249845),
(63,0848458, 21,6258807),
(63,0842296, 21,6270595),
(63,0837602, 21,6281247),
(63,0829049, 21,6306664),
(63,0801517, 21,6479631),
(63,0754888, 21,6730044),
(63,0754283, 21,6732728),
(63,0745121, 21,6782804),
(63,0733973, 21,6874357),
(63,0726821, 21,6909305),
(63,0726114, 21,6912074),
(63,0690400, 21,6993972),
(63,0586711, 21,7104333),
(63,0541896, 21,7136093),
(63,0404860, 21,7308851),
(63,0401125, 21,7314669),
(63,0386102, 21,7338830),
(63,0371333, 21,7363160),
(63,0322665, 21,7460436),
(63,0307836, 21,7499164),
(63,0281484, 21,7586389),
(63,0271210, 21,7628633),
(63,0260398, 21,7676725),
(63,0250368, 21,7771531),
(63,0249284, 21,7861224),
(63,0246647, 21,7902329),
(63,0243896, 21,7927008),
(63,0234309, 21,7982812),
(63,0223770, 21,8029044),
(63,0218334, 21,8052294),
(63,0200785, 21,8125601),
(63,0195531, 21,8145901),
(63,0189815, 21,8169508),
(63,0176652, 21,8224398),
(63,0172899, 21,8239973),
(63,0170943, 21,8247852),
(63,0165768, 21,8270909),
(63,0163929, 21,8278973),
(63,0161529, 21,8289001),
(63,0148324, 21,8344191),
(63,0140307, 21,8377690),
(63,0130295, 21,8419530),
(63,0126746, 21,8434359),
(63,0098388, 21,8552764),
(63,0085557, 21,8606317),
(63,0057788, 21,8720621),
(63,0057335, 21,8722658),
(63,0056035, 21,8728507),
(63,0053764, 21,8737905),
(63,0052027, 21,8745210),
(63,0051510, 21,8747382),
(63,0044545, 21,8778014),
(63,0037529, 21,8818074),
(63,0031359, 21,8861750),
(63,0022278, 21,8926325),
(63,0008634, 21,9021432),
(63,0005529, 21,9046006),
(63,0004161, 21,9055240),
(63,0001906, 21,9068702),
(63,0001434, 21,9071465),
(62,9999141, 21,9083902),
(62,9994293, 21,9104147),
(62,9992752, 21,9109554),
(62,9985457, 21,9133430),
(62,9972941, 21,9175877),
(62,9965663, 21,9222804),
(62,9964298, 21,9269221),
(62,9964333, 21,9272689),
(62,9962958, 21,9356074),
(62,9959265, 21,9395487),
(62,9956279, 21,9425416),
(62,9946116, 21,9528379),
(62,9944139, 21,9549634),
(62,9938912, 21,9586935),
(62,9936789, 21,9599715),
(62,9935049, 21,9610275),
(62,9933026, 21,9620652),
(62,9928282, 21,9647925),
(62,9917211, 21,9707949),
(62,9913347, 21,9729974),
(62,9898114, 21,9809976),
(62,9872220, 21,9888505),
(62,9857065, 21,9924171),
(62,9853842, 21,9934412),
(62,9837561, 22,0003741),
(62,9833133, 22,0005770),
(62,9828034, 22,0001442),
(62,9825348, 22,0011156),
(62,9823874, 22,0015649),
(62,9818542, 22,0033127),
(62,9813881, 22,0043508),
(62,9812467, 22,0046485),
(62,9809801, 22,0052005),
(62,9808995, 22,0053725),
(62,9805201, 22,0061823),
(62,9800904, 22,0070148),
(62,9797958, 22,0076734),
(62,9797747, 22,0077187),
(62,9796747, 22,0079428),
(62,9795471, 22,0082294),
(62,9795048, 22,0083178),
(62,9791887, 22,0090013),
(62,9790575, 22,0093384),
(62,9788289, 22,0098448),
(62,9786729, 22,0101947),
(62,9784466, 22,0106583),
(62,9784068, 22,0107288),
(62,9782626, 22,0108731),
(62,9779932, 22,0109973),
(62,9776328, 22,0111647),
(62,9773264, 22,0112958),
(62,9768896, 22,0113962),
(62,9765410, 22,0114844),
(62,9761633, 22,0115697),
(62,9760091, 22,0119138),
(62,9759259, 22,0122440),
(62,9757760, 22,0127592),
(62,9755419, 22,0135835),
(62,9755112, 22,0136655),
(62,9753422, 22,0141441),
(62,9749913, 22,0150480),
(62,9749084, 22,0152909),
(62,9744603, 22,0164732),
(62,9737579, 22,0183265),
(62,9735391, 22,0189037),
(62,9731459, 22,0199412),
(62,9726331, 22,0212940),
(62,9723800, 22,0220138),
(62,9722109, 22,0225027),
(62,9718937, 22,0236400),
(62,9715180, 22,0252683),
(62,9713758, 22,0258845),
(62,9714979, 22,0269176),
(62,9702857, 22,0295797),
(62,9700604, 22,0300619),
(62,9686832, 22,0328598),
(62,9673828, 22,0355441),
(62,9669212, 22,0364069),
(62,9667349, 22,0367407),
(62,9643547, 22,0396131),
(62,9596358, 22,0431813),
(62,9588198, 22,0438500),
(62,9569195, 22,0452434),
(62,9561197, 22,0457586),
(62,9556094, 22,0460426),
(62,9529607, 22,0477185),
(62,9517418, 22,0488894),
(62,9509162, 22,0496635),
(62,9508143, 22,0497574),
(62,9494635, 22,0509769),
(62,9483010, 22,0520940),
(62,9476930, 22,0526782),
(62,9469551, 22,0533873),
(62,9465336, 22,0537171),
(62,9464811, 22,0537553),
(62,9456852, 22,0545123),
(62,9455956, 22,0546112),
(62,9426015, 22,0573382),
(62,9413081, 22,0582080),
(62,9396651, 22,0592678),
(62,9389928, 22,0597339),
(62,9381558, 22,0603170),
(62,9369989, 22,0611346),
(62,9368643, 22,0612317),
(62,9354525, 22,0622510),
(62,9339030, 22,0633006),
(62,9289056, 22,0648517),
(62,9265546, 22,0648039),
(62,9260104, 22,0647844),
(62,9246562, 22,0647359),
(62,9245430, 22,0647318),
(62,9232329, 22,0646767),
(62,9218461, 22,0645169),
(62,9218237, 22,0645124),
(62,9185088, 22,0634085),
(62,9169379, 22,0626040),
(62,9125654, 22,0635358),
(62,9115198, 22,0643430),
(62,9111342, 22,0646713),
(62,9074507, 22,0678086),
(62,9068477, 22,0682644),
(62,9058836, 22,0686745),
(62,9055671, 22,0687901),
(62,9047274, 22,0690363),
(62,9046901, 22,0690448),
(62,9036222, 22,0691292),
(62,9023187, 22,0686047),
(62,9015956, 22,0684721),
(62,9002819, 22,0691168),
(62,8996354, 22,0696365),
(62,8978631, 22,0721029),
(62,8972657, 22,0741770),
(62,8969707, 22,0751866),
(62,8962959, 22,0771931),
(62,8951034, 22,0800100),
(62,8945270, 22,0813527),
(62,8934720, 22,0837129),
(62,8925990, 22,0856631),
(62,8890590, 22,0930094),
(62,8886087, 22,0938549),
(62,8884476, 22,0942244),
(62,8852390, 22,1066069),
(62,8796207, 22,1299563),
(62,8778105, 22,1371130),
(62,8724732, 22,1578328),
(62,8711605, 22,1665137),
(62,8709194, 22,1675407),
(62,8702701, 22,1702878),
(62,8695309, 22,1734453),
(62,8694769, 22,1736760),
(62,8686330, 22,1772808),
(62,8672463, 22,1830586),
(62,8671805, 22,1833576),
(62,8669655, 22,1843430),
(62,8662146, 22,1879950),
(62,8660062, 22,1890084),
(62,8658203, 22,1899224),
(62,8654593, 22,1916973),
(62,8645101, 22,1963638),
(62,8624461, 22,2051861),
(62,8611019, 22,2095025),
(62,8545776, 22,2194030),
(62,8537859, 22,2208297),
(62,8522704, 22,2230164),
(62,8475339, 22,2316576),
(62,8471739, 22,2322514),
(62,8470199, 22,2324582),
(62,8463063, 22,2334106),
(62,8376785, 22,2455702),
(62,8364310, 22,2478331),
(62,8324421, 22,2551761),
(62,8269819, 22,2598800),
(62,8223603, 22,2626365),
(62,8196463, 22,2642054),
(62,8146697, 22,2669367),
(62,8131210, 22,2676819),
(62,8079715, 22,2700727),
(62,7988118, 22,2740174),
(62,7963029, 22,2750682),
(62,7962352, 22,2750965),
(62,7922310, 22,2767990),
(62,7916000, 22,2770570),
(62,7898452, 22,2782042),
(62,7889861, 22,2791744),
(62,7839322, 22,2871119),
(62,7745453, 22,3103622),
(62,7740812, 22,3115177),
(62,7726187, 22,3151590),
(62,7720335, 22,3166159),
(62,7706968, 22,3201543),
(62,7701371, 22,3219779),
(62,7682626, 22,3297471),
(62,7678175, 22,3315917),
(62,7660564, 22,3416448),
(62,7658480, 22,3457662),
(62,7655267, 22,3515089),
(62,7650346, 22,3603060),
(62,7647540, 22,3654881),
(62,7643087, 22,3685272),
(62,7604846, 22,3770354),
(62,7583642, 22,3785477),
(62,7546377, 22,3808244),
(62,7511893, 22,3829502),
(62,7436471, 22,3874963),
(62,7314133, 22,3996401),
(62,7304075, 22,4008128),
(62,7281456, 22,4034499),
(62,7264741, 22,4053986),
(62,7203417, 22,4144910),
(62,7147316, 22,4228432),
(62,7120816, 22,4266170),
(62,7107170, 22,4285601),
(62,7012925, 22,4420865),
(62,7001034, 22,4437944),
(62,6988622, 22,4455714),
(62,6984462, 22,4460823),
(62,6937431, 22,4510195),
(62,6912486, 22,4509521),
(62,6877177, 22,4486175),
(62,6834972, 22,4449410),
(62,6816354, 22,4432919),
(62,6812066, 22,4429108),
(62,6779189, 22,4400093),
(62,6752919, 22,4376846),
(62,6736150, 22,4362096),
(62,6717032, 22,4345275),
(62,6693473, 22,4324492),
(62,6670743, 22,4304844),
(62,6643898, 22,4296531),
(62,6620529, 22,4313925),
(62,6614400, 22,4320890),
(62,6591946, 22,4339573),
(62,6557902, 22,4352917),
(62,6544925, 22,4357558),
(62,6527999, 22,4363611),
(62,6526691, 22,4364079),
(62,6495278, 22,4355524),
(62,6446125, 22,4333370),
(62,6364465, 22,4297414),
(62,6351135, 22,4291540),
(62,6350050, 22,4291062),
(62,6287926, 22,4263299),
(62,6281452, 22,4260658),
(62,6275693, 22,4258704),
(62,6257742, 22,4258642),
(62,6257385, 22,4258760),
(62,6211426, 22,4298870),
(62,6207912, 22,4304093),
(62,6201956, 22,4314371),
(62,6193393, 22,4328597),
(62,6192494, 22,4330135),
(62,6184934, 22,4343363),
(62,6180582, 22,4352169),
(62,6172865, 22,4365084),
(62,6171837, 22,4366804),
(62,6166291, 22,4376429),
(62,6109014, 22,4496713),
(62,6081676, 22,4565342),
(62,6074178, 22,4578100),
(62,6057660, 22,4605309),
(62,6044068, 22,4629325),
(62,6019569, 22,4694237),
(62,6000606, 22,4790305),
(62,5991827, 22,4839409),
(62,5985314, 22,4874602),
(62,5981531, 22,4896046),
(62,5964171, 22,4991319),
(62,5952525, 22,5073962),
(62,5949111, 22,5120200),
(62,5948341, 22,5131089),
(62,5947102, 22,5148595),
(62,5944703, 22,5183009),
(62,5935983, 22,5259846),
(62,5928464, 22,5294490),
(62,5927633, 22,5298286),
(62,5927068, 22,5300913),
(62,5925378, 22,5308725),
(62,5920788, 22,5329780),
(62,5915791, 22,5351601),
(62,5905816, 22,5390979),
(62,5902364, 22,5402695),
(62,5887889, 22,5451005),
(62,5867202, 22,5520044),
(62,5857822, 22,5551053),
(62,5798830, 22,5760375),
(62,5783048, 22,5832581),
(62,5747259, 22,5993377),
(62,5732825, 22,6047549),
(62,5714139, 22,6117458),
(62,5694834, 22,6176957),
(62,5685515, 22,6200679),
(62,5671230, 22,6232948),
(62,5653544, 22,6271455),
(62,5628226, 22,6324744),
(62,5616285, 22,6342997),
(62,5559035, 22,6421837),
(62,5550641, 22,6430158),
(62,5505613, 22,6444381),
(62,5471172, 22,6494652),
(62,5468764, 22,6498369),
(62,5457602, 22,6515594),
(62,5456365, 22,6517592),
(62,5434623, 22,6551671),
(62,5423007, 22,6571891),
(62,5416549, 22,6582870),
(62,5415845, 22,6584136),
(62,5387845, 22,6632046),
(62,5387116, 22,6633294),
(62,5364671, 22,6671704),
(62,5357419, 22,6684113),
(62,5353491, 22,6690834),
(62,5347492, 22,6701100),
(62,5334077, 22,6724127),
(62,5302812, 22,6784866),
(62,5302193, 22,6786095),
(62,5282255, 22,6828802),
(62,5268026, 22,6859408),
(62,5254951, 22,6887146),
(62,5240506, 22,6917476),
(62,5226448, 22,6945042),
(62,5225994, 22,6945908),
(62,5181350, 22,7030909),
(62,5168054, 22,7061715),
(62,5139323, 22,7134138),
(62,5129695, 22,7158511),
(62,5126000, 22,7167864),
(62,5112156, 22,7202598),
(62,5108069, 22,7212766),
(62,5104509, 22,7220119),
(62,5104307, 22,7220536),
(62,5085856, 22,7254443),
(62,5072531, 22,7278830),
(62,5066032, 22,7290409),
(62,5059599, 22,7301264),
(62,5051264, 22,7316031),
(62,5036182, 22,7343647),
(62,5025668, 22,7362362),
(62,5019719, 22,7373678),
(62,4990631, 22,7418662),
(62,4986344, 22,7422264),
(62,4979583, 22,7427345),
(62,4975446, 22,7430023),
(62,4973718, 22,7430947),
(62,4971500, 22,7432286),
(62,4963887, 22,7435372),
(62,4960314, 22,7436746),
(62,4951384, 22,7439931),
(62,4885529, 22,7476710),
(62,4881079, 22,7480284),
(62,4859212, 22,7497354),
(62,4852119, 22,7502871),
(62,4841445, 22,7511383),
(62,4802787, 22,7548602),
(62,4758460, 22,7588096),
(62,4719195, 22,7616625),
(62,4670716, 22,7670371),
(62,4635964, 22,7705594),
(62,4599888, 22,7716013),
(62,4574749, 22,7720971),
(62,4536029, 22,7729045),
(62,4520385, 22,7732370),
(62,4499648, 22,7738333),
(62,4487289, 22,7740970),
(62,4456153, 22,7747736),
(62,4455535, 22,7747841),
(62,4426834, 22,7753588),
(62,4384564, 22,7767840),
(62,4364272, 22,7786555),
(62,4340214, 22,7812072),
(62,4321725, 22,7831681),
(62,4276071, 22,7864628),
(62,4269053, 22,7867791),
(62,4188214, 22,7904002),
(62,4159097, 22,7909534),
(62,4158514, 22,7909505),
(62,4110955, 22,7907145),
(62,4090187, 22,7906301),
(62,4083122, 22,7906045),
(62,4078436, 22,7905918),
(62,4041821, 22,7912825),
(62,4041731, 22,7912865),
(62,4021554, 22,7923845),
(62,4004755, 22,7933377),
(62,3980621, 22,7947032),
(62,3975638, 22,7949807),
(62,3939496, 22,7970247),
(62,3906169, 22,7988922),
(62,3905493, 22,7989304),
(62,3896190, 22,7993360),
(62,3878400, 22,8000651),
(62,3860001, 22,8006018),
(62,3858457, 22,8006184),
(62,3852668, 22,8006806),
(62,3802397, 22,8010158),
(62,3798177, 22,8010439),
(62,3765306, 22,8022500),
(62,3657293, 22,8145009),
(62,3634184, 22,8177220),
(62,3627373, 22,8185259),
(62,3614467, 22,8198401),
(62,3602111, 22,8210669),
(62,3576266, 22,8235954),
(62,3572296, 22,8239582),
(62,3572237, 22,8239636),
(62,3502660, 22,8308205),
(62,3462346, 22,8363408),
(62,3405138, 22,8451866),
(62,3350937, 22,8517872),
(62,3319390, 22,8564176),
(62,3265998, 22,8714085),
(62,3255208, 22,8741852),
(62,3254832, 22,8742820),
(62,3214616, 22,8796717),
(62,3183376, 22,8823214),
(62,3111221, 22,8852558),
(62,3034169, 22,8896261),
(62,2998148, 22,8927572),
(62,2972337, 22,8950619),
(62,2944821, 22,8975168),
(62,2909941, 22,9007285),
(62,2885953, 22,9038137),
(62,2874572, 22,9052870),
(62,2792390, 22,9109230),
(62,2778669, 22,9118920),
(62,2772371, 22,9123201),
(62,2725015, 22,9139784),
(62,2723885, 22,9139492),
(62,2716889, 22,9137681),
(62,2577253, 22,9208288),
(62,2428420, 22,9322202),
(62,2421114, 22,9329395),
(62,2417538, 22,9332915),
(62,2415681, 22,9334744),
(62,2374599, 22,9354937),
(62,2369332, 22,9356807),
(62,2311794, 22,9376464),
(62,2256536, 22,9414482),
(62,2245573, 22,9423395),
(62,2224596, 22,9433547),
(62,2218046, 22,9434781),
(62,2196294, 22,9434128),
(62,2167057, 22,9435203),
(62,2136603, 22,9450962),
(62,2118493, 22,9469901),
(62,2102427, 22,9493091),
(62,2091250, 22,9510533),
(62,2076588, 22,9531989),
(62,2068943, 22,9545396),
(62,2046960, 22,9574659),
(62,2026172, 22,9592717),
(62,1890677, 22,9711990),
(62,1807496, 22,9783009),
(62,1804255, 22,9784865),
(62,1799685, 22,9787482),
(62,1762355, 22,9808854),
(62,1748173, 22,9812514),
(62,1709988, 22,9802033),
(62,1691139, 22,9796959),
(62,1651779, 22,9797145),
(62,1607138, 22,9797857),
(62,1594972, 22,9797857),
(62,1584090, 22,9797949),
(62,1571409, 22,9798316),
(62,1567639, 22,9798499),
(62,1554571, 22,9798591),
(62,1479717, 22,9799995),
(62,1414586, 22,9801263),
(62,1412088, 22,9801247),
(62,1395533, 22,9801144),
(62,1380120, 22,9801489),
(62,1376719, 22,9801566),
(62,1360246, 22,9802305),
(62,1340012, 22,9809228),
(62,1296121, 22,9838087),
(62,1283266, 22,9855055),
(62,1272670, 22,9872824),
(62,1261085, 22,9893742),
(62,1252554, 22,9909687),
(62,1244391, 22,9925597),
(62,1215472, 22,9984189),
(62,1208689, 22,9998010),
(62,1207953, 22,9999509),
(62,1191352, 23,0033467),
(62,1185245, 23,0046024),
(62,1140584, 23,0131739),
(62,1119926, 23,0168034),
(62,1063157, 23,0271850),
(62,1056903, 23,0286379),
(62,1048475, 23,0306614),
(62,1028428, 23,0345815),
(62,1025956, 23,0349989),
(62,1017872, 23,0362352),
(62,1015811, 23,0365301),
(62,0965362, 23,0421999),
(62,0933193, 23,0445246),
(62,0909169, 23,0448305),
(62,0908247, 23,0448407),
(62,0898974, 23,0449428),
(62,0888321, 23,0450601),
(62,0804027, 23,0441850),
(62,0787482, 23,0437690),
(62,0767553, 23,0433818),
(62,0750766, 23,0430556),
(62,0572084, 23,0382375),
(62,0387674, 23,0334399),
(62,0359753, 23,0295282),
(62,0358293, 23,0293094),
(62,0338925, 23,0262993),
(62,0337526, 23,0260776),
(62,0308745, 23,0215019),
(62,0308238, 23,0214210),
(62,0255557, 23,0146967),
(62,0253679, 23,0145823),
(62,0243830, 23,0141992),
(62,0233006, 23,0141162),
(62,0231498, 23,0141176),
(62,0221238, 23,0143090),
(62,0218519, 23,0143843),
(62,0201844, 23,0153086),
(62,0199620, 23,0154441),
(62,0124363, 23,0180715),
(62,0108521, 23,0174235),
(62,0107759, 23,0173626),
(62,0098971, 23,0166525),
(62,0097189, 23,0164476),
(62,0063765, 23,0136031),
(62,0060784, 23,0134829),
(62,0055487, 23,0132215),
(62,0048750, 23,0130162),
(62,0045249, 23,0128989),
(62,0028590, 23,0122677),
(61,9967176, 23,0111234),
(61,9965865, 23,0112122),
(61,9963749, 23,0113675),
(61,9957916, 23,0118038),
(61,9947492, 23,0126694),
(61,9942952, 23,0130401),
(61,9930273, 23,0141400),
(61,9887358, 23,0131611),
(61,9845439, 23,0073910),
(61,9838866, 23,0064054),
(61,9807296, 23,0053884),
(61,9787398, 23,0054662),
(61,9773654, 23,0049826),
(61,9753242, 23,0036826),
(61,9749828, 23,0034552),
(61,9728123, 23,0018718),
(61,9690814, 22,9992178),
(61,9663481, 22,9976145),
(61,9647913, 22,9970094),
(61,9609936, 22,9958156),
(61,9582897, 22,9949593),
(61,9530546, 22,9933016),
(61,9528701, 22,9932432),
(61,9516998, 22,9926864),
(61,9384487, 22,9846276),
(61,9356945, 22,9833190),
(61,9354275, 22,9831717),
(61,9341681, 22,9824770),
(61,9332070, 22,9820003),
(61,9290711, 22,9797686),
(61,9290198, 22,9797409),
(61,9254269, 22,9778024),
(61,9191343, 22,9763134),
(61,9174591, 22,9761147),
(61,9147907, 22,9757981),
(61,9124102, 22,9759161),
(61,9085626, 22,9770189),
(61,9050271, 22,9781940),
(61,9019879, 22,9792040),
(61,8987959, 22,9799209),
(61,8947495, 22,9793805),
(61,8934584, 22,9789529),
(61,8772246, 22,9688414),
(61,8764951, 22,9683577),
(61,8761104, 22,9681168),
(61,8734924, 22,9664781),
(61,8733527, 22,9663907),
(61,8726408, 22,9659444),
(61,8680364, 22,9630000),
(61,8677923, 22,9628657),
(61,8675017, 22,9626728),
(61,8669184, 22,9622854),
(61,8662253, 22,9618252),
(61,8652639, 22,9610054),
(61,8639282, 22,9593916),
(61,8628329, 22,9574620),
(61,8602559, 22,9520191),
(61,8581468, 22,9475647),
(61,8568575, 22,9448420),
(61,8544808, 22,9398228),
(61,8537269, 22,9382306),
(61,8531386, 22,9371655),
(61,8521040, 22,9353673),
(61,8507464, 22,9332337),
(61,8500358, 22,9321657),
(61,8492997, 22,9312254),
(61,8491558, 22,9310760),
(61,8479614, 22,9303702),
(61,8455338, 22,9310881),
(61,8430128, 22,9330788),
(61,8424651, 22,9335206),
(61,8403117, 22,9352577),
(61,8388590, 22,9364258),
(61,8347356, 22,9396429),
(61,8310005, 22,9423320),
(61,8308567, 22,9424352),
(61,8298577, 22,9431523),
(61,8254582, 22,9463101),
(61,8243091, 22,9471349),
(61,8209687, 22,9496005),
(61,8191509, 22,9514065),
(61,8155512, 22,9551928),
(61,8100519, 22,9611098),
(61,8085319, 22,9627727),
(61,8062608, 22,9652571),
(61,8020159, 22,9711996),
(61,7981396, 22,9769088),
(61,7977623, 22,9774595),
(61,7948320, 22,9818765),
(61,7912195, 22,9873212),
(61,7901089, 22,9889658),
(61,7896107, 22,9897104),
(61,7884599, 22,9914303),
(61,7869053, 22,9937535),
(61,7854151, 22,9955794),
(61,7849785, 22,9961143),
(61,7841287, 22,9971555),
(61,7831779, 22,9983205),
(61,7814684, 23,0004037),
(61,7812979, 23,0006077),
(61,7805373, 23,0015605),
(61,7803472, 23,0017851),
(61,7775458, 23,0050960),
(61,7762047, 23,0066810),
(61,7746831, 23,0085205),
(61,7739709, 23,0093867),
(61,7727102, 23,0108970),
(61,7706726, 23,0133379),
(61,7650052, 23,0201210),
(61,7648135, 23,0203541),
(61,7627147, 23,0228315),
(61,7610930, 23,0247444),
(61,7593143, 23,0276059),
(61,7574302, 23,0333832),
(61,7569678, 23,0365974),
(61,7568593, 23,0382255),
(61,7568099, 23,0389564),
(61,7567602, 23,0398465),
(61,7566433, 23,0415933),
(61,7561202, 23,0502595),
(61,7560796, 23,0507510),
(61,7559168, 23,0525474),
(61,7554223, 23,0568993),
(61,7542684, 23,0638288),
(61,7539876, 23,0653719),
(61,7538896, 23,0659210),
(61,7538095, 23,0663548),
(61,7524531, 23,0735061),
(61,7521291, 23,0748445),
(61,7518188, 23,0760166),
(61,7508145, 23,0793456),
(61,7499953, 23,0820564),
(61,7467590, 23,0928328),
(61,7420122, 23,1086160),
(61,7417930, 23,1093398),
(61,7415798, 23,1100313),
(61,7405648, 23,1134594),
(61,7319172, 23,1296541),
(61,7304613, 23,1308480),
(61,7289465, 23,1322164),
(61,7287916, 23,1323557),
(61,7277555, 23,1332871),
(61,7098285, 23,1473077),
(61,7086867, 23,1481336),
(61,7070118, 23,1492038),
(61,7046562, 23,1505759),
(61,7020981, 23,1516822),
(61,6998388, 23,1525744),
(61,6997586, 23,1526097),
(61,6984108, 23,1533060),
(61,6778485, 23,1611073),
(61,6736171, 23,1592961),
(61,6732434, 23,1591879),
(61,6709970, 23,1589102),
(61,6608259, 23,1657131),
(61,6576550, 23,1710493),
(61,6556562, 23,1759918),
(61,6466538, 23,2089020),
(61,6463313, 23,2103900),
(61,6456996, 23,2132557),
(61,6454620, 23,2143537),
(61,6451907, 23,2155982),
(61,6450975, 23,2160312),
(61,6440738, 23,2205124),
(61,6351185, 23,2376598),
(61,6350777, 23,2376962),
(61,6265785, 23,2420805),
(61,6251123, 23,2433620),
(61,6173764, 23,2613303),
(61,6158365, 23,2666998),
(61,6128992, 23,2870604),
(61,6124743, 23,2915650),
(61,6122921, 23,2934745),
(61,6121629, 23,2948284),
(61,6118442, 23,2983793),
(61,6113503, 23,3036544),
(61,6113004, 23,3043342),
(61,6111596, 23,3064471),
(61,6108705, 23,3171424),
(61,6101890, 23,3316984),
(61,6098465, 23,3355577),
(61,6098205, 23,3358400),
(61,6093416, 23,3403462),
(61,6090033, 23,3431647),
(61,6086838, 23,3456007),
(61,6085116, 23,3467188),
(61,6081165, 23,3492834),
(61,6076944, 23,3518424),
(61,6074016, 23,3534417),
(61,6073522, 23,3537536),
(61,6064091, 23,3585835),
(61,6063702, 23,3588002),
(61,6042062, 23,3679425),
(61,6037518, 23,3696810),
(61,6028362, 23,3728438),
(61,6009192, 23,3790747),
(61,5996357, 23,3832516),
(61,5986982, 23,3861682),
(61,5945930, 23,3991033),
(61,5944535, 23,3995383),
(61,5921739, 23,4069530),
(61,5914979, 23,4093022),
(61,5876961, 23,4214113),
(61,5853581, 23,4287234),
(61,5839744, 23,4338873),
(61,5826000, 23,4397621),
(61,5825636, 23,4399320),
(61,5806307, 23,4512249),
(61,5805699, 23,4516890),
(61,5798225, 23,4580207),
(61,5796455, 23,4597922),
(61,5794053, 23,4621966),
(61,5791341, 23,4647228),
(61,5786030, 23,4683763),
(61,5783860, 23,4697393),
(61,5783687, 23,4698447),
(61,5773856, 23,4750336),
(61,5769985, 23,4766689),
(61,5760965, 23,4805106),
(61,5760457, 23,4806946),
(61,5759785, 23,4809380),
(61,5745643, 23,4859986),
(61,5739814, 23,4878532),
(61,5699008, 23,4997649),
(61,5690151, 23,5027916),
(61,5689682, 23,5029712),
(61,5688066, 23,5036487),
(61,5678172, 23,5080612),
(61,5677648, 23,5082959),
(61,5674026, 23,5100458),
(61,5592674, 23,5426180),
(61,5583442, 23,5460546),
(61,5577852, 23,5486217),
(61,5576257, 23,5495173),
(61,5575989, 23,5496671),
(61,5574519, 23,5504266),
(61,5564474, 23,5577872),
(61,5559880, 23,5612047),
(61,5555307, 23,5646541),
(61,5547819, 23,5703610),
(61,5545217, 23,5716888),
(61,5540027, 23,5715848),
(61,5531075, 23,5731341),
(61,5525824, 23,5733240),
(61,5520422, 23,5728883),
(61,5471533, 23,5668674),
(61,5443835, 23,5648156),
(61,5430897, 23,5641604),
(61,5418036, 23,5634578),
(61,5406060, 23,5628958),
(61,5403813, 23,5627847),
(61,5400590, 23,5626308),
(61,5356015, 23,5607238),
(61,5255194, 23,5648027),
(61,5242008, 23,5655786),
(61,5189995, 23,5675216),
(61,5140568, 23,5676887),
(61,5137960, 23,5676559),
(61,5073503, 23,5653777),
(61,5064172, 23,5647453),
(61,5000207, 23,5655998),
(61,4928810, 23,5797053),
(61,4898364, 23,5834719),
(61,4892652, 23,5838643),
(61,4878633, 23,5847018),
(61,4871528, 23,5851189),
(61,4865158, 23,5855104),
(61,4861876, 23,5857017),
(61,4817851, 23,5868055),
(61,4763899, 23,5891947),
(61,4759943, 23,5895639),
(61,4734864, 23,5925640),
(61,4711590, 23,5955032),
(61,4685834, 23,5986945),
(61,4678069, 23,5996588),
(61,4641728, 23,6054456),
(61,4569740, 23,6255280),
(61,4567956, 23,6260174),
(61,4527425, 23,6359417),
(61,4519796, 23,6381475),
(61,4492945, 23,6485272),
(61,4528553, 23,6909533),
(61,4534836, 23,6923693),
(61,4579723, 23,6985484),
(61,4592506, 23,7000781),
(61,4636229, 23,7169280),
(61,4636268, 23,7177745),
(61,4634585, 23,7218870),
(61,4633372, 23,7234987),
(61,4633208, 23,7236691),
(61,4632750, 23,7241433),
(61,4622630, 23,7313914),
(61,4600551, 23,7477046),
(61,4603210, 23,7515415),
(61,4605715, 23,7531093),
(61,4625899, 23,7693895),
(61,4612814, 23,7813090),
(61,4604191, 23,7893491),
(61,4612547, 23,7986816),
(61,4628723, 23,8059990),
(61,4637001, 23,8086415),
(61,4673711, 23,8177946),
(61,4675923, 23,8185076),
(61,4696135, 23,8288504),
(61,4699187, 23,8518595),
(61,4699045, 23,8542523),
(61,4699397, 23,8550510),
(61,4749469, 23,8683823),
(61,4809709, 23,8727574),
(61,4829748, 23,8734015),
(61,4848698, 23,8738713),
(61,4890416, 23,8747356),
(61,4963821, 23,8807552),
(61,4973430, 23,8863612),
(61,4979760, 23,8871829),
(61,4982306, 23,8880691),
(61,4981797, 23,8888492),
(61,4981030, 23,8945414),
(61,4981675, 23,9059384),
(61,4976458, 23,9125683),
(61,4973776, 23,9149426),
(61,4972276, 23,9159016),
(61,4959249, 23,9221315),
(61,4931308, 23,9383967),
(61,4878127, 23,9540327),
(61,4861413, 23,9574393),
(61,4857670, 23,9583063),
(61,4844965, 23,9617598),
(61,4830993, 23,9667595),
(61,4824807, 23,9689214),
(61,4822609, 23,9696103),
(61,4819685, 23,9704700),
(61,4816302, 23,9713857),
(61,4754386, 23,9806353),
(61,4746786, 23,9811304),
(61,4728372, 23,9822751),
(61,4704378, 23,9846690),
(61,4671056, 23,9974951),
(61,4670738, 23,9977619),
(61,4651846, 24,0292836),
(61,4630109, 24,0443341),
(61,4619535, 24,0583648),
(61,4618514, 24,0595575),
(61,4612810, 24,0643925),
(61,4606816, 24,0678879),
(61,4592294, 24,0751221),
(61,4565613, 24,0832397),
(61,4564235, 24,0835730),
(61,4496612, 24,0972819),
(61,4494075, 24,0981085),
(61,4480491, 24,1027875),
(61,4469676, 24,1064501),
(61,4468852, 24,1067091),
(61,4443645, 24,1133783),
(61,4423944, 24,1175745),
(61,4415928, 24,1190685),
(61,4404425, 24,1209199),
(61,4288114, 24,1314769),
(61,4285884, 24,1317599),
(61,4272290, 24,1335708),
(61,4258752, 24,1352847),
(61,4230696, 24,1386778),
(61,4225802, 24,1392525),
(61,4214408, 24,1406640),
(61,4206722, 24,1417346),
(61,4203041, 24,1423168),
(61,4202765, 24,1423641),
(61,4193386, 24,1441569),
(61,4187915, 24,1452204),
(61,4177465, 24,1463863),
(61,4135582, 24,1492216),
(61,4131683, 24,1498608),
(61,4101357, 24,1582504),
(61,4091711, 24,1619911),
(61,4085008, 24,1638568),
(61,4034098, 24,1799893),
(61,4031409, 24,1818904),
(61,4025178, 24,1877006),
(61,4022176, 24,1916907),
(61,4016989, 24,1960316),
(61,4014542, 24,1975014),
(61,4009702, 24,1996651),
(61,3978131, 24,2078551),
(61,3954192, 24,2112430),
(61,3920152, 24,2160944),
(61,3890035, 24,2245052),
(61,3876950, 24,2304559),
(61,3876195, 24,2308046),
(61,3855059, 24,2375484),
(61,3812079, 24,2429254),
(61,3799705, 24,2435036),
(61,3733938, 24,2432806),
(61,3640299, 24,2452574),
(61,3639193, 24,2452279),
(61,3595183, 24,2448817),
(61,3541004, 24,2484202),
(61,3536188, 24,2489671),
(61,3460741, 24,2602317),
(61,3409960, 24,2714398),
(61,3369050, 24,2797385),
(61,3363326, 24,2806124),
(61,3306189, 24,2873910),
(61,3167656, 24,2847911),
(61,3148509, 24,2854751),
(61,3095873, 24,2913454),
(61,3094875, 24,2915412),
(61,3092584, 24,2919996),
(61,3089905, 24,2925042),
(61,3023181, 24,3011885),
(61,2992865, 24,3053861),
(61,2990210, 24,3057804),
(61,2988112, 24,3061198),
(61,2985730, 24,3065051),
(61,2970267, 24,3092366),
(61,2956932, 24,3118560),
(61,2950359, 24,3131602),
(61,2918102, 24,3176322),
(61,2881035, 24,3226154),
(61,2837839, 24,3332425),
(61,2837500, 24,3332995),
(61,2788959, 24,3393038),
(61,2782040, 24,3403324),
(61,2770806, 24,3421213),
(61,2764939, 24,3431002),
(61,2758655, 24,3441995),
(61,2753766, 24,3449618),
(61,2739047, 24,3480158),
(61,2731173, 24,3508601),
(61,2730742, 24,3510595),
(61,2723101, 24,3607488),
(61,2715888, 24,3654377),
(61,2704165, 24,3717717),
(61,2703941, 24,3718781),
(61,2652854, 24,3904774),
(61,2578082, 24,4072708),
(61,2562090, 24,4103195),
(61,2561582, 24,4104171),
(61,2532032, 24,4161219),
(61,2516150, 24,4190978),
(61,2449471, 24,4297808),
(61,2434159, 24,4318545),
(61,2429320, 24,4324949),
(61,2409961, 24,4350275),
(61,2398476, 24,4365225),
(61,2361181, 24,4417294),
(61,2321361, 24,4470262),
(61,2299374, 24,4482667),
(61,2276023, 24,4493183),
(61,2234206, 24,4591050),
(61,2198764, 24,4734970),
(61,2178939, 24,4819497),
(61,2141086, 24,4968950),
(61,2135111, 24,4986197),
(61,2134155, 24,4988957),
(61,2081573, 24,5107744),
(61,2079982, 24,5110488),
(61,2061766, 24,5142178),
(61,2056616, 24,5151341),
(61,2053778, 24,5156554),
(61,2051672, 24,5160353),
(61,2039570, 24,5181121),
(61,2024149, 24,5206126),
(61,2015410, 24,5220016),
(61,2000502, 24,5243223),
(61,1907222, 24,5366893),
(61,1882893, 24,5396334),
(61,1854129, 24,5437035),
(61,1844440, 24,5453713),
(61,1815101, 24,5512814),
(61,1784841, 24,5595866),
(61,1773547, 24,5634795),
(61,1758388, 24,5702055),
(61,1753310, 24,5731033),
(61,1743466, 24,5807839),
(61,1740843, 24,5836172),
(61,1738975, 24,5866987),
(61,1731657, 24,6015501),
(61,1728440, 24,6060222),
(61,1723743, 24,6108270),
(61,1719888, 24,6142259),
(61,1708481, 24,6223019),
(61,1688317, 24,6338174),
(61,1661288, 24,6462959),
(61,1649986, 24,6513801),
(61,1632675, 24,6599839),
(61,1620488, 24,6673423),
(61,1605070, 24,6776563),
(61,1604375, 24,6781937),
(61,1597399, 24,6835890),
(61,1591395, 24,6882327),
(61,1584516, 24,6932735),
(61,1579590, 24,6963870),
(61,1575921, 24,6988673),
(61,1559626, 24,7109154),
(61,1558072, 24,7127367),
(61,1556967, 24,7143357),
(61,1555484, 24,7169976),
(61,1553981, 24,7190246),
(61,1552810, 24,7213203),
(61,1532364, 24,7416934),
(61,1514947, 24,7527430),
(61,1510108, 24,7555114),
(61,1499862, 24,7608348),
(61,1485344, 24,7675456),
(61,1480766, 24,7694914),
(61,1479213, 24,7701093),
(61,1476551, 24,7712410),
(61,1471785, 24,7732023),
(61,1466016, 24,7753527),
(61,1456865, 24,7788712),
(61,1438188, 24,7859409),
(61,1427895, 24,7895408),
(61,1427423, 24,7896766),
(61,1409751, 24,7945300),
(61,1401255, 24,7966062),
(61,1386393, 24,7996114),
(61,1385577, 24,7997515),
(61,1373747, 24,8017825),
(61,1366856, 24,8028474),
(61,1352674, 24,8047897),
(61,1320564, 24,8081285),
(61,1308467, 24,8092166),
(61,1291452, 24,8110488),
(61,1275792, 24,8131696),
(61,1251130, 24,8183565),
(61,1217046, 24,8268091),
(61,1211077, 24,8282373),
(61,1192478, 24,8320984),
(61,1181243, 24,8342744),
(61,1180319, 24,8344342),
(61,1155335, 24,8386921),
(61,1129648, 24,8426877),
(61,1110968, 24,8456177),
(61,1088142, 24,8497463),
(61,1061874, 24,8559639),
(61,1054812, 24,8579077),
(61,1051242, 24,8591289),
(61,1041610, 24,8622105),
(61,1019951, 24,8714383),
(61,0997107, 24,8800759),
(61,0987662, 24,8829648),
(61,0966866, 24,8885824),
(61,0966367, 24,8887260),
(61,0957049, 24,8913771),
(61,0910636, 24,9051930),
(61,0877749, 24,9151904),
(61,0857031, 24,9216954),
(61,0821068, 24,9356439),
(61,0801483, 24,9403549),
(61,0786783, 24,9428082),
(61,0784988, 24,9430770),
(61,0781482, 24,9436021),
(61,0775514, 24,9445550),
(61,0742031, 24,9534257),
(61,0728885, 24,9581958),
(61,0718281, 24,9616249),
(61,0652256, 24,9751258),
(61,0630780, 24,9794469),
(61,0621148, 24,9824132),
(61,0615824, 24,9843283),
(61,0593197, 24,9918532),
(61,0570498, 24,9979303),
(61,0555406, 25,0014204),
(61,0534633, 25,0056036),
(61,0519437, 25,0082689),
(61,0515932, 25,0089016),
(61,0506120, 25,0107417),
(61,0448564, 25,0230632),
(61,0439422, 25,0271488),
(61,0435524, 25,0307260),
(61,0433491, 25,0335686),
(61,0411799, 25,0480410),
(61,0396598, 25,0567956),
(61,0391634, 25,0661300),
(61,0377918, 25,0770962),
(61,0361265, 25,0838372),
(61,0321551, 25,0939217),
(61,0314222, 25,0955088),
(61,0292602, 25,0999239),
(61,0280981, 25,1025460),
(61,0265689, 25,1065830),
(61,0252706, 25,1107629),
(61,0251861, 25,1110969),
(61,0248785, 25,1123136),
(61,0223145, 25,1279521),
(61,0217801, 25,1323450),
(61,0209611, 25,1385046),
(61,0199838, 25,1444527),
(61,0191461, 25,1486707),
(61,0181218, 25,1532574),
(61,0171620, 25,1570000),
(61,0158408, 25,1616978),
(61,0157321, 25,1620629),
(61,0131239, 25,1696881),
(61,0123863, 25,1714330),
(61,0109520, 25,1745741),
(61,0098829, 25,1766266),
(61,0052017, 25,1949817),
(61,0051468, 25,1973213),
(61,0052459, 25,2070940),
(61,0054461, 25,2125072),
(61,0060066, 25,2198964),
(61,0065776, 25,2271443),
(61,0068496, 25,2325274),
(61,0067657, 25,2378094),
(61,0066585, 25,2426019),
(61,0065569, 25,2473353),
(61,0064504, 25,2509315),
(61,0064407, 25,2512123),
(61,0062877, 25,2581106),
(61,0061837, 25,2608481),
(61,0059133, 25,2656710),
(61,0053838, 25,2724993),
(61,0044344, 25,2848802),
(61,0037231, 25,2940203),
(61,0031195, 25,3011439),
(61,0030344, 25,3019792),
(61,0022504, 25,3084095),
(61,0021951, 25,3088703),
(61,0021155, 25,3094722),
(61,0017762, 25,3129703),
(61,0017598, 25,3151828),
(61,0018112, 25,3184309),
(61,0016099, 25,3225424),
(61,0014108, 25,3256122),
(61,0011532, 25,3296273),
(60,9999621, 25,3382245),
(60,9980148, 25,3477026),
(60,9979794, 25,3478812),
(60,9935393, 25,3691241),
(60,9926391, 25,3733857),
(60,9901861, 25,3850774),
(60,9894735, 25,3883988),
(60,9884820, 25,3931067),
(60,9869426, 25,4004270),
(60,9856728, 25,4064650),
(60,9849931, 25,4096970),
(60,9845756, 25,4117165),
(60,9830172, 25,4251299),
(60,9829628, 25,4291967),
(60,9829831, 25,4307062),
(60,9812708, 25,4738087),
(60,9811077, 25,4774251),
(60,9806678, 25,4816144),
(60,9777939, 25,4961539),
(60,9730487, 25,5076648),
(60,9727946, 25,5081014),
(60,9648949, 25,5200999),
(60,9639339, 25,5223431),
(60,9602379, 25,5384743),
(60,9586548, 25,5514726),
(60,9579352, 25,5552218),
(60,9561322, 25,5621842),
(60,9548776, 25,5666406),
(60,9527693, 25,5787283),
(60,9526858, 25,5847415),
(60,9528714, 25,5873634),
(60,9535652, 25,5918593),
(60,9543241, 25,5947543),
(60,9545327, 25,5954867),
(60,9548506, 25,5967191),
(60,9555273, 25,6003734),
(60,9557096, 25,6117702),
(60,9556309, 25,6126318),
(60,9555406, 25,6134733),
(60,9545735, 25,6233439),
(60,9545283, 25,6242941),
(60,9544953, 25,6251101),
(60,9544309, 25,6278460),
(60,9544940, 25,6326686),
(60,9550364, 25,6401466),
(60,9552343, 25,6418163),
(60,9555602, 25,6441999),
(60,9557233, 25,6493282),
(60,9553308, 25,6508472),
(60,9553344, 25,6511240),
(60,9567091, 25,6523455),
(60,9573172, 25,6528031),
(60,9575945, 25,6529815),
(60,9581037, 25,6532566),
(60,9582369, 25,6533476),
(60,9587816, 25,6536790),
(60,9589000, 25,6537479),
(60,9589290, 25,6535286),
(60,9591227, 25,6525723),
(60,9592560, 25,6523858),
(60,9594686, 25,6521547),
(60,9595807, 25,6520416),
(60,9601120, 25,6517552),
(60,9604209, 25,6516922),
(60,9609532, 25,6515884),
(60,9617396, 25,6517532),
(60,9624711, 25,6518754),
(60,9632310, 25,6520745),
(60,9637915, 25,6524228),
(60,9640090, 25,6525551),
(60,9644217, 25,6527139),
(60,9648235, 25,6527288),
(60,9654275, 25,6528409),
(60,9662470, 25,6531562),
(60,9662955, 25,6532431),
(60,9663600, 25,6533635),
(60,9664344, 25,6534841),
(60,9665032, 25,6535429),
(60,9674026, 25,6536711),
(60,9674792, 25,6536976),
(60,9680070, 25,6537829),
(60,9685405, 25,6539067),
(60,9687464, 25,6539827),
(60,9693202, 25,6541943),
(60,9696756, 25,6543079),
(60,9698684, 25,6543932),
(60,9708791, 25,6549990),
(60,9717733, 25,6563206),
(60,9718322, 25,6572753),
(60,9718084, 25,6575106),
(60,9724609, 25,6576773),
(60,9732208, 25,6578680),
(60,9739890, 25,6581365),
(60,9745505, 25,6583252),
(60,9755821, 25,6587276),
(60,9760846, 25,6588958),
(60,9766580, 25,6589926),
(60,9768404, 25,6590184),
(60,9775630, 25,6589800),
(60,9778963, 25,6589519),
(60,9781139, 25,6589984),
